7 0.449027 0.595627 0.004612 0.007027
11 0.658550 0.806030 0.011200 0.014933
12 0.652950 0.708077 0.011860 0.015813
12 0.662175 0.704123 0.009225 0.011420
11 0.529410 0.691823 0.013838 0.016690
2 0.679843 0.613570 0.014502 0.024977
0 0.724260 0.793050 0.005437 0.014100
7 0.879565 0.831120 0.012085 0.015310
7 0.908270 0.657080 0.009065 0.014503
0 0.820342 0.660707 0.016920 0.026590
6 0.976405 0.558780 0.013598 0.029007
2 0.930630 0.424623 0.064660 0.114417
2 0.938335 0.328540 0.017827 0.019740
7 0.288683 0.414517 0.003745 0.005707
