0 0.344948 0.918087 0.198320 0.163827
0 0.555400 0.918440 0.102325 0.163123
1 0.417208 0.741937 0.022152 0.050633
11 0.403495 0.580190 0.010550 0.011253
6 0.080963 0.953267 0.023735 0.028833
11 0.654822 0.901930 0.014240 0.020393
0 0.612100 0.958190 0.033230 0.044307
0 0.598037 0.908510 0.018703 0.025153
0 0.474202 0.936153 0.013660 0.021467
2 0.586005 0.772123 0.022280 0.025153
8 0.577630 0.715097 0.024067 0.029053
2 0.529900 0.369257 0.029110 0.015610
3 0.596168 0.274720 0.013010 0.006503
0 0.583403 0.274180 0.014473 0.006720
8 0.550203 0.667573 0.011248 0.019673
6 0.737272 0.643627 0.015905 0.013983
1 0.794250 0.639897 0.014855 0.016777
