2 0.203230 0.842923 0.017195 0.024390
5 0.210730 0.463413 0.027073 0.019513
2 0.184938 0.451220 0.026707 0.023413
2 0.313902 0.511463 0.013170 0.027803
3 0.310610 0.489753 0.004390 0.006830
2 0.334572 0.606827 0.009148 0.009757
6 0.200123 0.326097 0.025610 0.022927
6 0.337500 0.224390 0.015000 0.017560
5 0.507803 0.172440 0.015365 0.019023
2 0.475680 0.597910 0.031038 0.047640
6 0.573847 0.558690 0.028872 0.022137
5 0.891270 0.121267 0.025625 0.015400
5 0.731563 0.582293 0.016250 0.016250
2 0.110158 0.244793 0.020938 0.014583
5 0.940258 0.819750 0.013187 0.023790
