0 0.280090 0.763523 0.018918 0.034423
2 0.300120 0.705657 0.020252 0.029673
1 0.310690 0.673907 0.016470 0.026707
0 0.455910 0.755957 0.046515 0.063207
2 0.451235 0.643637 0.030045 0.041543
1 0.448455 0.612923 0.031602 0.030563
1 0.425865 0.553873 0.021587 0.041247
2 0.389365 0.608027 0.055862 0.047480
1 0.323823 0.629690 0.008012 0.009497
11 0.521565 0.635330 0.010460 0.012463
10 0.559955 0.600460 0.035165 0.018693
2 0.549385 0.578057 0.031380 0.027893
2 0.561180 0.727320 0.034498 0.074187
2 0.630285 0.713817 0.018695 0.025223
1 0.381242 0.448677 0.010682 0.032643
11 0.418855 0.372413 0.007567 0.009497
6 0.744232 0.700613 0.019140 0.024927
8 0.758923 0.840677 0.044958 0.052820
8 0.786852 0.888897 0.033160 0.038873
8 0.725763 0.872280 0.022255 0.031157
8 0.553487 0.636967 0.014090 0.031820
8 0.534080 0.617413 0.024440 0.020320
