6 0.034515 0.870557 0.033657 0.050963
11 0.076445 0.703597 0.042215 0.063893
11 0.048778 0.769013 0.018825 0.025863
8 0.207768 0.668953 0.038532 0.055543
8 0.191365 0.624347 0.030722 0.044783
5 0.267130 0.646910 0.020830 0.033673
6 0.368150 0.667740 0.030203 0.062140
2 0.306835 0.577653 0.028900 0.036797
5 0.345760 0.615667 0.013540 0.022563
0 0.351357 0.390020 0.079930 0.102410
4 0.209720 0.311913 0.026297 0.048947
6 0.507185 0.375267 0.030722 0.043047
11 0.558605 0.289870 0.019008 0.021523
6 0.718078 0.465873 0.024475 0.048600
2 0.747497 0.564463 0.077588 0.116643
6 0.823393 0.681800 0.042960 0.065263
11 0.733047 0.750013 0.019527 0.023953
1 0.856980 0.664963 0.026817 0.028813
6 0.886660 0.810940 0.049208 0.058320
4 0.912567 0.824997 0.019267 0.014927
6 0.875205 0.878807 0.018485 0.033673
11 0.933135 0.859367 0.021350 0.035063
6 0.881842 0.530617 0.020830 0.015623
2 0.956438 0.557347 0.028900 0.027423
4 0.773785 0.799747 0.027945 0.006413
4 0.736448 0.784780 0.020157 0.008857
2 0.167833 0.499593 0.013145 0.025433
0 0.037990 0.417630 0.015068 0.009403
0 0.365223 0.565737 0.008417 0.011640
