3 0.485215 0.716330 0.039760 0.033483
2 0.418820 0.890973 0.035195 0.044390
1 0.562645 0.909490 0.016170 0.011923
11 0.771818 0.796360 0.016743 0.013443
6 0.856857 0.701490 0.011415 0.024097
0 0.857712 0.630467 0.020355 0.025113
6 0.933145 0.751717 0.016743 0.022067
0 0.955688 0.382390 0.032913 0.035767
7 0.888437 0.409530 0.015980 0.015473
0 0.930005 0.400653 0.011225 0.015473
1 0.888153 0.323033 0.007800 0.019023
3 0.837548 0.098420 0.007800 0.012683
0 0.830508 0.124167 0.021118 0.007357
2 0.730155 0.223093 0.010273 0.006340
5 0.670227 0.168557 0.019025 0.009387
6 0.725492 0.458867 0.010845 0.011667
