6 0.156603 0.596010 0.041690 0.053687
2 0.104403 0.586983 0.050597 0.058437
2 0.122930 0.659433 0.072690 0.077917
0 0.116160 0.747803 0.022093 0.024707
0 0.149477 0.766807 0.045253 0.024707
6 0.058438 0.825243 0.062000 0.020903
9 0.411730 0.746613 0.052380 0.101197
1 0.440770 0.779397 0.028505 0.049887
2 0.377880 0.616437 0.080885 0.118300
2 0.306615 0.536147 0.059505 0.074590
5 0.345633 0.762293 0.015678 0.018530
6 0.579915 0.729037 0.030288 0.056537
6 0.571540 0.668460 0.019955 0.025657
6 0.726362 0.800063 0.048102 0.070313
5 0.745960 0.733550 0.030288 0.039907
0 0.765737 0.588883 0.021380 0.030880
11 0.857845 0.587220 0.021735 0.026607
11 0.513105 0.445167 0.016390 0.020903
4 0.622317 0.427113 0.032425 0.005700
6 0.784445 0.611923 0.016747 0.025657
6 0.942195 0.418083 0.088528 0.043710
6 0.961260 0.459893 0.077480 0.077917
1 0.931070 0.319977 0.034208 0.037533
11 0.597018 0.362973 0.014610 0.019953
5 0.614655 0.327817 0.029930 0.022803
2 0.839180 0.672840 0.028813 0.034150
2 0.848185 0.627483 0.041218 0.052290
