1 0.057620 0.778900 0.022820 0.031947
11 0.062520 0.519070 0.020210 0.020150
0 0.261525 0.761827 0.031010 0.036973
5 0.363980 0.801080 0.026692 0.037530
0 0.454370 0.771477 0.029360 0.015207
6 0.611003 0.894097 0.036882 0.065677
6 0.671787 0.753683 0.062848 0.064383
6 0.641940 0.733947 0.030817 0.050797
4 0.784015 0.739933 0.023780 0.031707
0 0.962365 0.782963 0.022325 0.033000
1 0.985550 0.730063 0.028900 0.039147
6 0.413892 0.505383 0.027010 0.029687
6 0.450572 0.492243 0.018615 0.019953
6 0.451667 0.599303 0.026645 0.038447
0 0.140973 0.809170 0.015162 0.016890
2 0.064392 0.852673 0.039730 0.057833
4 0.064680 0.835273 0.008828 0.031220
4 0.055373 0.807633 0.019000 0.029683
4 0.169480 0.752140 0.012240 0.023540
