2 0.151750 0.726327 0.030017 0.049410
8 0.198627 0.848370 0.045953 0.057317
11 0.281637 0.753503 0.020753 0.030633
2 0.392068 0.805383 0.031870 0.080043
2 0.441170 0.836513 0.040392 0.056327
2 0.452842 0.786607 0.047432 0.043480
2 0.546785 0.813290 0.077450 0.104750
3 0.637020 0.811067 0.034092 0.048917
1 0.680005 0.634177 0.052623 0.061763
1 0.756530 0.582790 0.024087 0.028163
6 0.592735 0.582790 0.058180 0.036070
6 0.680747 0.494347 0.025200 0.026187
6 0.680378 0.585013 0.047432 0.035577
0 0.854917 0.743373 0.014082 0.011363
0 0.903092 0.542770 0.034092 0.031127
2 0.899758 0.377493 0.060775 0.064233
2 0.884008 0.239143 0.098202 0.076090
0 0.280155 0.290037 0.046693 0.068187
5 0.674048 0.752640 0.016775 0.029110
2 0.329008 0.657403 0.046828 0.057130
