6 0.220012 0.351650 0.020578 0.014247
5 0.480387 0.711217 0.021368 0.017940
5 0.168373 0.559530 0.012268 0.019520
1 0.216650 0.825970 0.016225 0.029020
6 0.660830 0.706997 0.020578 0.037987
6 0.784685 0.725990 0.022160 0.026380
6 0.589997 0.225553 0.022950 0.036403
6 0.481772 0.109480 0.022555 0.018467
0 0.563288 0.115810 0.007517 0.011080
2 0.782708 0.103410 0.011870 0.021103
5 0.760745 0.194687 0.020973 0.032713
5 0.746302 0.226343 0.029282 0.015827
0 0.851535 0.070187 0.007853 0.009993
0 0.816898 0.124330 0.004718 0.005450
