6 0.331487 0.913503 0.011840 0.025257
0 0.507040 0.831647 0.005412 0.006767
6 0.876495 0.936730 0.006935 0.023453
1 0.955645 0.909447 0.036700 0.037883
0 0.900173 0.850363 0.010655 0.023453
1 0.897720 0.760503 0.011840 0.027287
0 0.951925 0.823417 0.007273 0.022323
0 0.872182 0.671203 0.008457 0.011500
5 0.922072 0.448070 0.011500 0.013530
0 0.648342 0.177807 0.008962 0.006540
1 0.572830 0.557777 0.023340 0.024580
2 0.566995 0.556197 0.014715 0.029540
2 0.595237 0.631853 0.048877 0.068553
6 0.601495 0.683267 0.022155 0.022100
5 0.565640 0.692287 0.015727 0.018490
6 0.767645 0.984457 0.007488 0.006720
2 0.466045 0.750317 0.007920 0.012287
5 0.268663 0.920103 0.017503 0.035617
