6 0.212765 0.867737 0.025353 0.021470
1 0.394352 0.736857 0.040430 0.084057
1 0.567202 0.867963 0.042142 0.072177
11 0.564462 0.785050 0.017472 0.026040
11 0.546305 0.712187 0.017472 0.027410
6 0.624762 0.767237 0.051735 0.069893
6 0.666050 0.697570 0.041115 0.052990
4 0.961557 0.716300 0.021585 0.035633
2 0.567375 0.566460 0.054133 0.072177
5 0.376195 0.523290 0.039057 0.045227
6 0.419192 0.650517 0.018845 0.024670
6 0.288827 0.494510 0.034947 0.053450
3 0.248740 0.494740 0.019872 0.024670
0 0.453320 0.505553 0.025410 0.014783
