2 0.952562 0.608940 0.078305 0.107533
2 0.874490 0.548607 0.089090 0.073147
6 0.745143 0.634660 0.046890 0.050017
0 0.760728 0.790157 0.019617 0.027963
0 0.792015 0.799177 0.040590 0.024807
0 0.741278 0.874830 0.012852 0.009247
2 0.731215 0.704690 0.065113 0.076670
2 0.691977 0.643693 0.039745 0.054797
11 0.410257 0.852960 0.031108 0.050397
6 0.414772 0.745920 0.014047 0.037017
11 0.571650 0.713140 0.017392 0.022300
2 0.462772 0.751940 0.043818 0.068683
2 0.516122 0.591830 0.049505 0.067790
11 0.425475 0.570647 0.014717 0.019177
0 0.212402 0.580233 0.018062 0.016057
