11 0.522880 0.840530 0.030430 0.045983
0 0.518062 0.880427 0.030937 0.062210
6 0.509188 0.545703 0.052745 0.071677
6 0.464303 0.553817 0.057310 0.123070
3 0.391272 0.552127 0.056295 0.087230
2 0.382142 0.669450 0.069480 0.105490
6 0.321370 0.471540 0.060288 0.119917
0 0.424483 0.429150 0.016802 0.019327
7 0.577180 0.428053 0.005930 0.009223
2 0.868240 0.687433 0.044475 0.058860
1 0.949117 0.421463 0.059300 0.031187
11 0.954058 0.448697 0.049415 0.032943
5 0.989217 0.418390 0.021562 0.066327
11 0.953235 0.149787 0.048428 0.050073
