11 0.176265 0.834543 0.009893 0.015273
0 0.192408 0.749147 0.007810 0.009720
0 0.183295 0.754700 0.013540 0.016663
6 0.260100 0.900503 0.010935 0.011110
11 0.373617 0.876203 0.010935 0.018053
0 0.509788 0.863010 0.009373 0.023607
6 0.699850 0.723110 0.019788 0.027077
0 0.670950 0.902933 0.014060 0.018747
7 0.719638 0.658887 0.004165 0.005553
1 0.958650 0.853987 0.021870 0.027773
11 0.900070 0.685270 0.020308 0.027773
2 0.933915 0.592930 0.063007 0.072207
0 0.984272 0.563423 0.031455 0.057627
6 0.965420 0.337080 0.013540 0.015970
6 0.823263 0.476983 0.020830 0.013887
8 0.882365 0.108657 0.018225 0.011803
6 0.613150 0.052073 0.007810 0.012497
6 0.620962 0.314517 0.017185 0.026383
2 0.470473 0.466567 0.067172 0.106923
0 0.493385 0.602997 0.010935 0.022913
6 0.324150 0.717557 0.017185 0.025690
