6 0.119423 0.617067 0.019640 0.027877
1 0.301248 0.525413 0.025975 0.023653
0 0.303465 0.770807 0.008870 0.017740
0 0.226490 0.573563 0.009502 0.010137
0 0.136210 0.659723 0.010137 0.015203
0 0.166305 0.694780 0.022175 0.022807
0 0.087498 0.591750 0.012108 0.012473
5 0.114185 0.526447 0.017060 0.021277
8 0.244330 0.505170 0.015408 0.013940
2 0.188475 0.610460 0.015957 0.014673
7 0.231398 0.682363 0.003853 0.004403
1 0.133445 0.344117 0.022562 0.011740
1 0.229472 0.292757 0.016510 0.019077
1 0.211863 0.173527 0.013207 0.024213
1 0.317245 0.205077 0.020360 0.012473
5 0.264690 0.156650 0.009905 0.011007
1 0.438033 0.159217 0.015408 0.013207
7 0.469950 0.228187 0.014307 0.027880
2 0.472702 0.272580 0.008805 0.012473
0 0.488385 0.242497 0.013758 0.018343
0 0.403915 0.425927 0.006602 0.009540
0 0.267168 0.343017 0.010455 0.005137
