1 0.317785 0.795737 0.020570 0.031647
1 0.389783 0.641020 0.024262 0.014770
1 0.559883 0.673370 0.017405 0.017580
1 0.621592 0.561903 0.029010 0.018283
1 0.665635 0.669853 0.029538 0.024613
1 0.703875 0.696577 0.023735 0.030240
1 0.685940 0.861140 0.027955 0.038680
1 0.716270 0.833010 0.025317 0.020393
1 0.417208 0.791167 0.021098 0.018283
1 0.421428 0.849187 0.023207 0.018987
1 0.702555 0.428283 0.025317 0.022503
1 0.642162 0.354090 0.020570 0.026020
1 0.612628 0.220473 0.021625 0.020393
1 0.410615 0.272513 0.026900 0.028833
1 0.629505 0.401210 0.036393 0.021800
3 0.542740 0.360773 0.027427 0.037977
3 0.311982 0.533070 0.012130 0.018283
3 0.535620 0.876613 0.014240 0.017580
0 0.291940 0.708533 0.008967 0.013363
1 0.367100 0.705720 0.020043 0.014770
1 0.774552 0.741587 0.035340 0.030240
1 0.763740 0.712753 0.020043 0.013363
1 0.761893 0.750730 0.015295 0.026020
1 0.892173 0.624493 0.021625 0.023910
1 0.940170 0.534830 0.016350 0.030240
1 0.960475 0.520763 0.018988 0.037273
1 0.936213 0.495093 0.020043 0.032350
1 0.948345 0.526740 0.014767 0.039383
1 0.895600 0.641373 0.010550 0.016877
1 0.947290 0.613947 0.009495 0.012660
1 0.959685 0.562960 0.012130 0.016173
1 0.854195 0.374487 0.019515 0.030240
1 0.848658 0.343190 0.010550 0.035163
1 0.784837 0.287280 0.017933 0.031647
1 0.696490 0.293610 0.021625 0.024613
1 0.703082 0.222230 0.012658 0.012660
3 0.791695 0.387497 0.017933 0.026723
9 0.395320 0.375893 0.016350 0.037273
0 0.426438 0.597770 0.010023 0.015473
0 0.573860 0.692710 0.023207 0.029537
9 0.875557 0.688843 0.032703 0.023207
