1 0.522867 0.877673 0.012455 0.045490
1 0.449487 0.780557 0.031410 0.012997
5 0.447323 0.796443 0.012998 0.017330
1 0.466275 0.642280 0.012998 0.035380
1 0.592187 0.602567 0.023288 0.019497
5 0.437572 0.737953 0.019495 0.034660
1 0.321140 0.526027 0.011915 0.023827
7 0.379358 0.383170 0.021120 0.024550
0 0.325203 0.564657 0.012455 0.012997
0 0.341448 0.575490 0.009208 0.014440
5 0.196855 0.429630 0.010290 0.023107
6 0.290272 0.293160 0.009748 0.007220
0 0.393168 0.270413 0.010830 0.015163
6 0.414558 0.188820 0.010290 0.009387
4 0.335490 0.328180 0.011373 0.019497
4 0.319515 0.461403 0.007582 0.012997
6 0.530992 0.231783 0.009208 0.008663
2 0.737322 0.208677 0.022203 0.011553
2 0.533158 0.381613 0.009208 0.013720
0 0.507927 0.503980 0.005957 0.005053
1 0.708620 0.497507 0.017870 0.027440
3 0.738947 0.602207 0.009208 0.014440
2 0.714847 0.531443 0.014080 0.017330
6 0.820970 0.675203 0.023515 0.020617
2 0.783765 0.632250 0.010953 0.024053
6 0.823870 0.603903 0.011920 0.012027
6 0.862043 0.644493 0.007732 0.009880
5 0.830635 0.616143 0.008053 0.013317
2 0.861400 0.571690 0.015463 0.024053
7 0.814045 0.519073 0.003865 0.003867
0 0.827253 0.704623 0.009665 0.011597
5 0.801320 0.732973 0.012563 0.014173
0 0.742208 0.767980 0.006443 0.007730
5 0.569220 0.667257 0.006443 0.010737
2 0.549408 0.624090 0.006765 0.014603
2 0.558750 0.335453 0.007410 0.011167
2 0.319078 0.371747 0.013852 0.018470
1 0.493033 0.661030 0.013207 0.022333
5 0.433277 0.615500 0.004510 0.018040
6 0.771480 0.285720 0.006912 0.009703
0 0.814775 0.382010 0.007640 0.010187
1 0.783668 0.402383 0.006550 0.007277
5 0.404205 0.355817 0.012370 0.012127
4 0.442405 0.271410 0.013825 0.002427
