6 0.130250 0.663120 0.009465 0.020303
0 0.216468 0.595080 0.023045 0.018107
8 0.162350 0.624983 0.008643 0.017560
8 0.189513 0.468877 0.011935 0.023593
8 0.241160 0.404677 0.018930 0.044447
2 0.181665 0.398837 0.017030 0.014470
7 0.215977 0.347410 0.016865 0.016697
0 0.209215 0.382250 0.010685 0.012913
0 0.249120 0.365110 0.009350 0.009797
1 0.303470 0.250677 0.041910 0.052540
0 0.311095 0.364280 0.046203 0.032033
0 0.366428 0.429987 0.078015 0.122383
0 0.317870 0.543543 0.051130 0.099797
11 0.438458 0.720137 0.016325 0.022587
1 0.475268 0.615413 0.023410 0.025873
1 0.511765 0.595290 0.068687 0.040657
6 0.697653 0.538203 0.028952 0.032443
3 0.558122 0.106780 0.028337 0.033677
5 0.876918 0.491590 0.012937 0.019713
