5 0.120043 0.650737 0.016273 0.007010
0 0.120917 0.642560 0.009012 0.012683
0 0.300793 0.166563 0.008262 0.009347
11 0.351238 0.191600 0.012018 0.008680
6 0.408067 0.267203 0.019027 0.026370
10 0.337103 0.321113 0.010745 0.022697
11 0.356515 0.359667 0.006008 0.007677
2 0.358142 0.367677 0.007260 0.011683
6 0.430868 0.640053 0.016023 0.026370
2 0.501340 0.574130 0.009762 0.020027
2 0.638405 0.678107 0.012518 0.032377
5 0.672935 0.900417 0.012018 0.021030
0 0.783705 0.012487 0.008290 0.006960
3 0.496595 0.035887 0.014655 0.010147
