7 0.509980 0.610453 0.070960 0.100370
0 0.543607 0.839167 0.054300 0.059237
6 0.259155 0.774583 0.050597 0.058413
11 0.052722 0.743593 0.016403 0.019440
0 0.021740 0.559777 0.019008 0.023260
6 0.106748 0.482710 0.042177 0.034367
7 0.345760 0.886270 0.011455 0.017357
6 0.473467 0.886790 0.034627 0.054503
2 0.429728 0.669650 0.035670 0.039573
3 0.435325 0.616710 0.030203 0.035757
11 0.694645 0.755220 0.026558 0.067000
11 0.686442 0.832113 0.019008 0.024993
8 0.792280 0.662880 0.037492 0.048253
8 0.825475 0.708010 0.045562 0.060057
6 0.988178 0.687353 0.023645 0.068040
2 0.900850 0.599353 0.027598 0.037840
5 0.882495 0.676593 0.027337 0.036103
5 0.952662 0.633893 0.017185 0.021523
0 0.885750 0.403733 0.082795 0.103450
0 0.554960 0.464310 0.014320 0.010760
0 0.275000 0.704627 0.016290 0.014480
