2 0.556048 0.608483 0.074485 0.109197
9 0.585138 0.534370 0.047432 0.037057
2 0.518805 0.640353 0.053363 0.070163
5 0.445802 0.611943 0.080785 0.084490
2 0.420788 0.677660 0.121920 0.162560
0 0.423382 0.774257 0.041875 0.046447
0 0.576060 0.684577 0.027053 0.021247
2 0.208820 0.707057 0.138965 0.081033
2 0.042615 0.654930 0.085233 0.072633
0 0.541410 0.769313 0.016305 0.038540
0 0.479908 0.525427 0.028612 0.035837
2 0.516758 0.559820 0.040750 0.023700
2 0.386700 0.760107 0.024278 0.052023
1 0.395203 0.768627 0.015012 0.034473
