1 0.546898 0.708677 0.032280 0.094090
2 0.027282 0.620267 0.054568 0.082310
3 0.093872 0.621230 0.039617 0.040573
1 0.176838 0.476543 0.060860 0.048230
0 0.115978 0.425637 0.048227 0.027560
1 0.255210 0.437120 0.020095 0.026027
0 0.401618 0.408410 0.026985 0.028323
0 0.306010 0.582110 0.013502 0.009583
2 0.499733 0.703597 0.034502 0.044890
2 0.547315 0.691353 0.070118 0.067893
1 0.546758 0.610107 0.023930 0.093863
5 0.443945 0.270827 0.043127 0.072717
0 0.481090 0.135600 0.052310 0.075313
11 0.646960 0.593493 0.034220 0.050617
2 0.153185 0.721460 0.045447 0.025663
2 0.981478 0.726450 0.037045 0.139730
