6 0.835172 0.787773 0.051972 0.077960
3 0.965827 0.872950 0.012993 0.015400
3 0.944982 0.585120 0.029943 0.033673
2 0.957610 0.637190 0.034368 0.040617
7 0.987005 0.551967 0.025988 0.087480
2 0.959232 0.524020 0.015883 0.026037
0 0.821893 0.711480 0.014580 0.022563
11 0.597530 0.821873 0.017705 0.026037
0 0.443655 0.928797 0.061965 0.092690
2 0.369452 0.765463 0.080713 0.109003
11 0.455892 0.705927 0.017705 0.022563
0 0.484662 0.635977 0.019008 0.026383
6 0.306185 0.540857 0.018745 0.036797
6 0.548320 0.536867 0.043220 0.037143
11 0.169105 0.816147 0.021090 0.025690
6 0.174702 0.855547 0.058320 0.057280
0 0.915400 0.376430 0.018235 0.020680
