6 0.164844 0.668056 0.008333 0.026852
0 0.204948 0.863889 0.011458 0.022222
4 0.198958 0.797685 0.006250 0.030556
4 0.137760 0.913426 0.008333 0.021296
6 0.254167 0.255093 0.014583 0.033333
6 0.293750 0.284259 0.010937 0.029630
6 0.307552 0.212037 0.014583 0.036111
6 0.213281 0.302315 0.005729 0.019444
5 0.482031 0.772685 0.027604 0.027778
4 0.433333 0.870370 0.007292 0.023148
2 0.433594 0.986574 0.023438 0.026852
5 0.771875 0.581481 0.013542 0.043519
6 0.758073 0.612963 0.006771 0.014815
0 0.759375 0.236574 0.008333 0.019444
0 0.778385 0.298611 0.006771 0.018519
0 0.754167 0.429167 0.008333 0.037037
0 0.759635 0.431481 0.007812 0.035185
