0 0.032813 0.206019 0.022917 0.041667
6 0.140885 0.302778 0.020313 0.035185
2 0.124740 0.416667 0.038021 0.040741
6 0.117708 0.520833 0.021875 0.049074
2 0.069531 0.525463 0.023438 0.049074
6 0.226562 0.562037 0.022917 0.040741
0 0.067448 0.849537 0.023438 0.041667
0 0.077344 0.957870 0.023438 0.028704
0 0.317188 0.670833 0.018750 0.023148
4 0.377083 0.623148 0.019792 0.079630
0 0.683854 0.418056 0.034375 0.062037
5 0.727604 0.522685 0.030208 0.047222
0 0.787500 0.501389 0.016667 0.021296
6 0.831250 0.658333 0.051042 0.098148
2 0.848177 0.501389 0.031771 0.037963
5 0.892448 0.696759 0.024479 0.041667
5 0.869010 0.771759 0.029687 0.043519
0 0.971875 0.864352 0.056250 0.043519
0 0.903125 0.977778 0.025000 0.044444
0 0.852344 0.746759 0.105729 0.093519
