4 0.300521 0.983333 0.010417 0.033333
0 0.369271 0.806019 0.009375 0.017593
2 0.370573 0.926852 0.041146 0.061111
0 0.392969 0.770370 0.022396 0.024074
2 0.486979 0.892130 0.025000 0.043519
2 0.270052 0.623611 0.038021 0.047222
0 0.406771 0.604167 0.031250 0.030556
0 0.431510 0.573611 0.022396 0.026852
0 0.450260 0.616204 0.025521 0.025000
0 0.365365 0.495833 0.015104 0.021296
0 0.208594 0.653241 0.009896 0.017593
6 0.337500 0.320370 0.023958 0.025926
6 0.360677 0.316204 0.016146 0.030556
5 0.381250 0.252778 0.037500 0.061111
0 0.418750 0.249074 0.015625 0.022222
3 0.471354 0.152778 0.019792 0.038889
6 0.550260 0.589352 0.029687 0.047222
2 0.508073 0.541204 0.048438 0.078704
0 0.519531 0.449537 0.022396 0.050926
0 0.519271 0.281019 0.032292 0.039815
0 0.410417 0.131944 0.015625 0.039815
0 0.430208 0.314352 0.023958 0.025000
2 0.000323 0.000921 0.000009 0.000046
0 0.599479 0.712963 0.015625 0.031481
0 0.503385 0.753704 0.021354 0.044444
0 0.822917 0.538426 0.014583 0.025000
0 0.845313 0.556944 0.023958 0.025000
2 0.969010 0.452778 0.028646 0.035185
0 0.183073 0.520370 0.009896 0.020370
0 0.194792 0.541204 0.012500 0.021296
0 0.439323 0.844907 0.018229 0.030556
