5 0.053385 0.287963 0.013542 0.042593
0 0.083333 0.325000 0.007292 0.017593
0 0.077344 0.416204 0.005729 0.028704
2 0.110156 0.424537 0.028646 0.046296
6 0.217448 0.436574 0.009375 0.025000
5 0.011979 0.510185 0.006250 0.030556
4 0.217708 0.768981 0.005729 0.036111
2 0.184635 0.972222 0.018229 0.031481
0 0.069531 0.992593 0.009896 0.014815
2 0.401302 0.981481 0.046354 0.037037
0 0.370052 0.596759 0.006771 0.015741
0 0.446875 0.397222 0.010937 0.019444
0 0.333073 0.258333 0.016146 0.025926
5 0.635677 0.704630 0.014063 0.025926
4 0.815365 0.569444 0.013542 0.010185
0 0.323698 0.659259 0.004687 0.017593
