0 0.242188 0.495833 0.020833 0.037963
5 0.347396 0.324074 0.036458 0.059259
0 0.306250 0.557870 0.015625 0.025000
3 0.574219 0.604630 0.029687 0.037037
0 0.297135 0.739815 0.017188 0.037037
5 0.310417 0.776852 0.033333 0.055556
3 0.406510 0.730093 0.022396 0.045370
3 0.526302 0.275926 0.008854 0.018519
3 0.496875 0.368519 0.007292 0.012963
0 0.939063 0.807407 0.013542 0.016667
0 0.393490 0.107870 0.013021 0.019444
5 0.275000 0.167130 0.015625 0.021296
5 0.292708 0.448148 0.020833 0.070370
5 0.290885 0.917130 0.020313 0.032407
2 0.339323 0.580093 0.046354 0.104630
0 0.328125 0.621759 0.022917 0.026852
