4 0.283854 0.180093 0.014583 0.023148
6 0.265625 0.209259 0.031250 0.038889
2 0.203125 0.282870 0.025000 0.032407
3 0.236198 0.432407 0.016146 0.024074
6 0.235677 0.479167 0.017188 0.036111
6 0.152604 0.456019 0.023958 0.028704
0 0.141667 0.572685 0.014583 0.013889
0 0.264583 0.507407 0.030208 0.031481
0 0.310156 0.306481 0.018229 0.025926
6 0.215365 0.150463 0.017188 0.034259
0 0.409115 0.555093 0.015104 0.025000
0 0.415365 0.543981 0.015104 0.037963
6 0.910677 0.579630 0.017188 0.018519
5 0.168229 0.918981 0.022917 0.036111
0 0.065104 0.838889 0.013542 0.025926
4 0.164583 0.696759 0.025000 0.050926
4 0.182292 0.654167 0.026042 0.045370
2 0.949219 0.420833 0.022396 0.030556
2 0.989583 0.438889 0.015625 0.024074
4 0.285156 0.701389 0.030729 0.045370
0 0.238281 0.551852 0.026562 0.031481
2 0.280990 0.333333 0.040104 0.033333
5 0.280208 0.209259 0.019792 0.059259
2 0.291406 0.120833 0.022396 0.045370
