6 0.509896 0.269907 0.029167 0.043519
0 0.202604 0.613426 0.018750 0.017593
6 0.237760 0.515741 0.020313 0.033333
0 0.185417 0.468981 0.017708 0.028704
0 0.200521 0.666667 0.016667 0.020370
0 0.217708 0.589352 0.013542 0.019444
0 0.347656 0.505093 0.011979 0.026852
0 0.365885 0.550000 0.016146 0.025926
0 0.192969 0.375926 0.038021 0.044444
0 0.372917 0.337500 0.011458 0.015741
3 0.271615 0.358796 0.014063 0.021296
0 0.245573 0.397685 0.032813 0.047222
0 0.412500 0.188426 0.015625 0.017593
0 0.423698 0.226389 0.006771 0.013889
0 0.341146 0.257407 0.015625 0.029630
6 0.370833 0.286111 0.010417 0.024074
0 0.360417 0.265278 0.014583 0.017593
0 0.309896 0.239352 0.015625 0.025000
4 0.313021 0.159722 0.030208 0.028704
0 0.312760 0.110648 0.011979 0.019444
0 0.908333 0.633796 0.017708 0.030556
6 0.825000 0.813426 0.012500 0.026852
5 0.765625 0.959259 0.016667 0.038889
6 0.817969 0.756944 0.017188 0.026852
0 0.439583 0.816667 0.015625 0.024074
4 0.380469 0.814815 0.019271 0.055556
0 0.407813 0.788426 0.006250 0.013889
5 0.339583 0.733796 0.022917 0.034259
0 0.347656 0.762500 0.008854 0.012037
0 0.334375 0.906944 0.021875 0.034259
5 0.285677 0.880093 0.023438 0.030556
4 0.293490 0.885648 0.013021 0.021296
0 0.236458 0.950000 0.016667 0.033333
4 0.249740 0.947222 0.013021 0.031481
2 0.266146 0.970370 0.017708 0.037037
0 0.167969 0.530093 0.010937 0.026852
0 0.331510 0.622685 0.009896 0.010185
4 0.078385 0.745833 0.010937 0.015741
3 0.171094 0.450000 0.018229 0.014815
