7 0.309115 0.346759 0.030729 0.047222
6 0.323958 0.187963 0.015625 0.025926
0 0.055208 0.287963 0.013542 0.018519
4 0.204427 0.405556 0.030729 0.022222
6 0.197135 0.642130 0.019271 0.028704
0 0.241667 0.633333 0.012500 0.011111
3 0.122396 0.650000 0.014583 0.014815
0 0.290625 0.659259 0.012500 0.016667
2 0.307812 0.432870 0.032292 0.030556
0 0.223177 0.464352 0.007812 0.012037
0 0.175000 0.132870 0.013542 0.021296
0 0.291667 0.683796 0.017708 0.017593
6 0.308073 0.721296 0.019271 0.024074
6 0.298698 0.756019 0.019271 0.032407
0 0.309896 0.908333 0.015625 0.016667
3 0.453646 0.781019 0.015625 0.028704
4 0.230469 0.686111 0.026562 0.033333
0 0.169271 0.320833 0.008333 0.012037
5 0.927865 0.455093 0.019271 0.039815
0 0.643229 0.219444 0.011458 0.018519
6 0.717969 0.939352 0.018229 0.036111
