6 0.734635 0.338889 0.030729 0.027778
0 0.224479 0.907870 0.016667 0.026852
2 0.120573 0.401852 0.038021 0.055556
3 0.917188 0.869907 0.018750 0.021296
0 0.555208 0.846296 0.016667 0.029630
0 0.838021 0.850000 0.028125 0.035185
5 0.119010 0.744907 0.030729 0.028704
6 0.592448 0.212963 0.024479 0.037037
0 0.099219 0.668519 0.015104 0.020370
0 0.090885 0.664352 0.018229 0.021296
0 0.163281 0.689815 0.015104 0.022222
0 0.095312 0.615741 0.013542 0.020370
6 0.186458 0.224074 0.013542 0.040741
2 0.135677 0.332870 0.020313 0.036111
