3 0.130729 0.423611 0.019792 0.028704
4 0.200781 0.492593 0.035937 0.024074
0 0.104948 0.455093 0.014063 0.019444
0 0.116406 0.941667 0.014063 0.025926
0 0.134375 0.931481 0.012500 0.025926
0 0.141667 0.856481 0.020833 0.020370
0 0.121354 0.868056 0.009375 0.017593
0 0.121615 0.915741 0.011979 0.038889
0 0.168229 0.974074 0.017708 0.022222
0 0.037760 0.768056 0.016146 0.019444
0 0.067448 0.813889 0.014063 0.027778
6 0.870833 0.449074 0.020833 0.025926
6 0.815625 0.415741 0.012500 0.020370
0 0.815365 0.391667 0.013021 0.018519
0 0.837500 0.348148 0.027083 0.022222
0 0.849219 0.388889 0.007812 0.009259
5 0.840365 0.385648 0.018229 0.034259
0 0.881771 0.542593 0.018750 0.029630
2 0.724219 0.672685 0.026562 0.039815
0 0.946875 0.316667 0.009375 0.014815
0 0.992969 0.393056 0.010937 0.010185
0 0.993490 0.591204 0.013021 0.010185
0 0.939583 0.960185 0.011458 0.018519
0 0.936198 0.929630 0.017188 0.025926
2 0.816146 0.635648 0.023958 0.043519
2 0.809115 0.606481 0.029687 0.040741
