5 0.189844 0.467130 0.019271 0.026852
0 0.074219 0.681019 0.007292 0.013889
0 0.384115 0.581481 0.016667 0.013889
5 0.435156 0.495370 0.013021 0.026852
4 0.421094 0.414815 0.031250 0.012037
3 0.303125 0.268056 0.011458 0.017593
0 0.294792 0.221296 0.013021 0.019444
4 0.511979 0.276852 0.006250 0.026852
4 0.578385 0.154630 0.008333 0.013889
2 0.943229 0.736111 0.015625 0.038889
0 0.843750 0.737500 0.013021 0.019444
0 0.984635 0.535648 0.013021 0.027778
5 0.878125 0.443056 0.038542 0.016667
0 0.963802 0.424074 0.008333 0.024074
6 0.928646 0.169444 0.009375 0.010185
5 0.845573 0.130556 0.023958 0.074074
0 0.869792 0.239815 0.005729 0.017593
0 0.068490 0.443981 0.009375 0.018519
