5 0.801823 0.600463 0.023438 0.052778
5 0.596094 0.147685 0.021354 0.039815
5 0.365885 0.953704 0.035937 0.042593
5 0.711458 0.616667 0.029167 0.050000
0 0.641667 0.953704 0.022917 0.044444
6 0.285677 0.648611 0.028646 0.041667
5 0.540885 0.932870 0.028646 0.062037
0 0.278385 0.590278 0.021354 0.049074
0 0.653125 0.538426 0.018750 0.041667
0 0.566667 0.975463 0.019792 0.036111
3 0.453906 0.353241 0.020313 0.034259
3 0.274479 0.169444 0.027083 0.038889
0 0.308073 0.205093 0.018229 0.028704
0 0.216146 0.327778 0.012500 0.037037
0 0.309115 0.327778 0.024479 0.031481
0 0.290365 0.399537 0.018229 0.041667
3 0.064323 0.478704 0.025521 0.035185
0 0.030990 0.465278 0.019271 0.025000
5 0.327083 0.638889 0.028125 0.031481
0 0.141667 0.852778 0.014583 0.031481
0 0.238802 0.761574 0.015104 0.017593
0 0.284635 0.858333 0.015104 0.022222
0 0.285938 0.902778 0.011458 0.042593
0 0.249740 0.937037 0.010937 0.024074
3 0.641927 0.828704 0.021354 0.024074
