2 0.266667 0.119444 0.019792 0.044444
0 0.370573 0.306944 0.011979 0.041667
0 0.379167 0.327315 0.015625 0.019444
0 0.257552 0.224537 0.029687 0.028704
6 0.244792 0.485185 0.020833 0.027778
0 0.302604 0.549537 0.009375 0.015741
5 0.424219 0.915278 0.019271 0.037963
6 0.402865 0.821759 0.021354 0.019444
6 0.357552 0.815278 0.018229 0.034259
0 0.349479 0.827778 0.018750 0.027778
0 0.302344 0.884722 0.021354 0.050926
0 0.359896 0.965741 0.018750 0.042593
0 0.185677 0.966204 0.019271 0.034259
0 0.347135 0.738889 0.015104 0.033333
0 0.331250 0.761111 0.016667 0.025926
0 0.971615 0.486111 0.026562 0.027778
0 0.910677 0.447685 0.035937 0.026852
0 0.918490 0.449074 0.018229 0.024074
0 0.864583 0.593981 0.021875 0.028704
2 0.742708 0.881019 0.021875 0.043519
0 0.753385 0.970370 0.018229 0.050000
5 0.727344 0.974537 0.025521 0.050926
5 0.665625 0.923611 0.012500 0.052778
0 0.563802 0.837500 0.014063 0.021296
0 0.728385 0.724537 0.036979 0.025000
5 0.629948 0.425000 0.046354 0.079630
5 0.583854 0.189352 0.027083 0.030556
0 0.601042 0.165278 0.022917 0.017593
4 0.757031 0.167130 0.026562 0.052778
5 0.782031 0.160185 0.018229 0.040741
4 0.824219 0.121296 0.030729 0.031481
2 0.886979 0.326852 0.020833 0.042593
