5 0.483333 0.199537 0.025000 0.037963
0 0.232552 0.359722 0.021354 0.028704
0 0.211719 0.482407 0.020313 0.035185
5 0.215625 0.663889 0.039583 0.048148
6 0.272396 0.760648 0.018750 0.030556
5 0.274740 0.720833 0.035937 0.054630
7 0.278646 0.661574 0.014583 0.023148
0 0.288281 0.606019 0.028646 0.028704
5 0.493490 0.711111 0.034896 0.059259
0 0.470573 0.664352 0.024479 0.028704
1 0.480729 0.417130 0.030208 0.043519
0 0.955469 0.510648 0.021354 0.023148
0 0.962240 0.528704 0.019271 0.020370
6 0.934375 0.334259 0.017708 0.024074
0 0.920573 0.311574 0.020313 0.028704
4 0.955469 0.450000 0.022396 0.018519
0 0.948958 0.694907 0.011458 0.025000
0 0.948177 0.710648 0.016146 0.023148
0 0.919531 0.688889 0.010937 0.020370
4 0.925000 0.706481 0.025000 0.024074
5 0.876302 0.914815 0.029687 0.040741
0 0.890365 0.951852 0.011979 0.016667
0 0.684635 0.531944 0.028646 0.023148
6 0.000275 0.000900 0.000015 0.000078
0 0.450260 0.907870 0.019271 0.037963
5 0.631510 0.956944 0.043229 0.075000
0 0.753125 0.876852 0.014583 0.029630
0 0.000180 0.000922 0.000008 0.000045
2 0.158073 0.292130 0.032813 0.037963
