5 0.424219 0.183333 0.078646 0.092593
5 0.248438 0.133333 0.028125 0.040741
6 0.217448 0.233796 0.025521 0.045370
0 0.233854 0.288889 0.022917 0.029630
0 0.202604 0.446759 0.027083 0.034259
0 0.211198 0.508796 0.018229 0.034259
3 0.216146 0.596759 0.022917 0.036111
5 0.470833 0.644907 0.026042 0.062037
5 0.710938 0.381944 0.037500 0.050926
0 0.822135 0.449537 0.017188 0.030556
6 0.950781 0.587963 0.023438 0.040741
0 0.942969 0.557870 0.041146 0.045370
1 0.644531 0.158796 0.023438 0.030556
5 0.018490 0.612963 0.030729 0.040741
0 0.101562 0.513889 0.016667 0.018519
0 0.100521 0.467130 0.014583 0.025000
0 0.112240 0.314352 0.011979 0.023148
6 0.221094 0.953704 0.017188 0.029630
0 0.621875 0.915278 0.011458 0.025000
0 0.000315 0.000922 0.000006 0.000028
5 0.824219 0.960648 0.029687 0.041667
0 0.834115 0.923611 0.018229 0.023148
0 0.833073 0.958333 0.013021 0.020370
5 0.877604 0.915278 0.027083 0.043519
0 0.873698 0.856019 0.019271 0.043519
0 0.940625 0.718519 0.031250 0.040741
0 0.946615 0.631944 0.017188 0.015741
0 0.163802 0.576389 0.019271 0.050926
7 0.191406 0.621759 0.011979 0.023148
0 0.041406 0.692130 0.020313 0.025000
6 0.037760 0.717130 0.025521 0.034259
0 0.106510 0.680093 0.023438 0.032407
0 0.313802 0.284722 0.019271 0.034259
0 0.327865 0.113889 0.019271 0.025926
0 0.573698 0.848148 0.019271 0.046296
0 0.563021 0.782407 0.020833 0.025926
0 0.092188 0.535185 0.015625 0.018519
0 0.074219 0.289815 0.024479 0.016667
0 0.127083 0.386574 0.020833 0.043519
6 0.207552 0.123611 0.029687 0.050926
0 0.971094 0.340278 0.025521 0.021296
5 0.966406 0.461574 0.014063 0.023148
5 0.985156 0.414815 0.029687 0.025926
0 0.042708 0.797222 0.026042 0.027778
0 0.390104 0.321296 0.016667 0.029630
0 0.214323 0.379167 0.022396 0.030556
0 0.715625 0.515741 0.014583 0.018519
0 0.364323 0.933333 0.032813 0.055556
