4 0.504948 0.818981 0.011458 0.059259
2 0.383333 0.718981 0.023438 0.062037
2 0.579948 0.398148 0.035417 0.090741
0 0.600260 0.426852 0.018750 0.029630
6 0.592969 0.420370 0.008854 0.017593
2 0.551562 0.377315 0.023438 0.065741
2 0.595052 0.318981 0.014583 0.050926
5 0.569792 0.289815 0.020313 0.037037
4 0.570312 0.302315 0.017708 0.029630
6 0.512760 0.264352 0.010417 0.025926
3 0.615104 0.219907 0.013542 0.023148
0 0.554167 0.231019 0.008854 0.012037
0 0.517188 0.202315 0.008333 0.010185
4 0.500781 0.140278 0.005208 0.015741
0 0.630469 0.133333 0.010417 0.017593
6 0.352344 0.158333 0.008854 0.019444
0 0.424479 0.188889 0.007812 0.025926
0 0.478125 0.567593 0.007292 0.020370
5 0.399479 0.788889 0.017708 0.021296
3 0.686719 0.843056 0.009375 0.017593
0 0.882812 0.676852 0.007292 0.018519
5 0.902083 0.755556 0.014063 0.048148
2 0.773438 0.301389 0.040625 0.092593
5 0.724479 0.154630 0.014583 0.023148
5 0.968750 0.406944 0.010937 0.080556
