0 0.312500 0.983796 0.027604 0.032407
0 0.048177 0.686111 0.007292 0.021296
5 0.060937 0.706019 0.011979 0.038889
5 0.255729 0.373611 0.039062 0.061111
5 0.378125 0.239352 0.016146 0.059259
0 0.241146 0.295370 0.006250 0.025926
0 0.031250 0.393056 0.008854 0.050926
3 0.503125 0.359722 0.019271 0.035185
6 0.569792 0.261111 0.009375 0.028704
5 0.545833 0.315278 0.028125 0.054630
0 0.504427 0.393056 0.011458 0.021296
5 0.516667 0.466204 0.016667 0.029630
0 0.369010 0.587500 0.014583 0.019444
0 0.534635 0.543519 0.010937 0.023148
5 0.625521 0.627778 0.020833 0.050000
0 0.323698 0.614352 0.013542 0.020370
0 0.341667 0.418056 0.007812 0.013889
3 0.722396 0.966667 0.011979 0.021296
0 0.790625 0.986111 0.008854 0.021296
5 0.772917 0.657870 0.029167 0.055556
5 0.790104 0.312037 0.021875 0.050000
0 0.796875 0.327315 0.016667 0.029630
0 0.659375 0.068056 0.010417 0.015741
0 0.322917 0.456481 0.008333 0.013889
