6 0.130729 0.304167 0.021354 0.019444
2 0.139323 0.670370 0.014063 0.025000
0 0.087240 0.674074 0.011979 0.018519
5 0.475000 0.363889 0.015625 0.026852
0 0.603646 0.332870 0.008854 0.013889
5 0.701823 0.680556 0.012500 0.017593
0 0.648698 0.676389 0.007812 0.016667
2 0.628906 0.760648 0.012500 0.032407
0 0.539062 0.768519 0.019271 0.023148
6 0.587500 0.828241 0.016667 0.033333
0 0.620573 0.364815 0.011458 0.025926
4 0.268229 0.939352 0.022917 0.024074
8 0.289062 0.984259 0.009896 0.019444
2 0.458854 0.495833 0.040104 0.075926
3 0.388021 0.983796 0.010417 0.026852
0 0.068750 0.830093 0.013542 0.023148
