6 0.317969 0.607870 0.013021 0.024074
4 0.326562 0.571759 0.005729 0.025926
5 0.340885 0.543056 0.014063 0.021296
4 0.281250 0.370370 0.019271 0.046296
6 0.264844 0.218056 0.008854 0.025926
6 0.405990 0.050000 0.011979 0.015741
6 0.406250 0.075463 0.012500 0.019444
0 0.480729 0.068056 0.008854 0.021296
6 0.475781 0.488889 0.011979 0.027778
2 0.493229 0.943056 0.027604 0.042593
4 0.472917 0.955556 0.006771 0.047222
5 0.698698 0.987963 0.013021 0.024074
5 0.592708 0.895370 0.012500 0.017593
0 0.668750 0.695833 0.007292 0.012963
0 0.551823 0.680093 0.022917 0.025000
0 0.533333 0.262963 0.008333 0.028704
0 0.512240 0.250463 0.014063 0.015741
0 0.762760 0.739352 0.009375 0.017593
0 0.567448 0.943519 0.006771 0.020370
0 0.575260 0.860185 0.006250 0.023148
0 0.368490 0.367593 0.013021 0.021296
2 0.355469 0.352315 0.022917 0.041667
