5 0.302344 0.769907 0.015104 0.045370
5 0.254427 0.632407 0.028646 0.042593
0 0.161198 0.433333 0.018229 0.025926
0 0.799479 0.343056 0.019792 0.025000
3 0.348698 0.118981 0.016146 0.054630
2 0.058333 0.170833 0.016667 0.050926
0 0.015104 0.196759 0.030208 0.025000
0 0.018750 0.295370 0.015625 0.020370
0 0.018490 0.373611 0.016146 0.028704
0 0.105729 0.934722 0.019792 0.058333
0 0.100000 0.971296 0.014583 0.057407
0 0.009635 0.908333 0.019271 0.020370
0 0.012240 0.949074 0.018229 0.029630
0 0.000011 0.000919 0.000007 0.000040
