0 0.824740 0.398611 0.041146 0.039815
0 0.604167 0.321759 0.048958 0.110185
6 0.718229 0.464815 0.033333 0.042593
5 0.353385 0.163889 0.031771 0.029630
6 0.634375 0.978704 0.021875 0.042593
3 0.227604 0.625463 0.015625 0.025000
2 0.507031 0.135648 0.018229 0.030556
0 0.625521 0.387037 0.032292 0.057407
6 0.749740 0.526389 0.020313 0.039815
0 0.088542 0.472685 0.015625 0.026852
0 0.434635 0.793056 0.018229 0.025000
0 0.111719 0.655556 0.015104 0.018519
4 0.614062 0.673611 0.032292 0.032407
0 0.677865 0.763426 0.019271 0.019444
5 0.766927 0.250926 0.036979 0.059259
5 0.578385 0.427315 0.018229 0.034259
0 0.434375 0.165278 0.014583 0.026852
0 0.454427 0.203241 0.018229 0.028704
0 0.458854 0.252315 0.011458 0.019444
0 0.451823 0.235185 0.013021 0.022222
0 0.618229 0.093519 0.012500 0.012963
0 0.582812 0.473611 0.014583 0.017593
0 0.142448 0.179167 0.013021 0.019444
0 0.163542 0.134722 0.014583 0.019444
6 0.133594 0.282870 0.017188 0.021296
0 0.393750 0.850926 0.011458 0.027778
0 0.492969 0.959259 0.011979 0.022222
0 0.297917 0.896759 0.014583 0.021296
0 0.000000 0.000000 0.000000 0.000000
0 0.000000 0.000000 0.000000 0.000000
0 0.000000 0.000000 0.000000 0.000000
0 0.000000 0.000000 0.000000 0.000000
0 0.000000 0.000000 0.000000 0.000000
0 0.000000 0.000000 0.000000 0.000000
0 0.000000 0.000000 0.000000 0.000000
0 0.000000 0.000000 0.000000 0.000000
0 0.000000 0.000000 0.000000 0.000000
0 0.000000 0.000000 0.000000 0.000000
0 0.000000 0.000000 0.000000 0.000000
0 0.000000 0.000000 0.000000 0.000000
0 0.000000 0.000000 0.000000 0.000000
5 0.000000 0.000000 0.000000 0.000000
