3 0.340885 0.253704 0.024479 0.046296
5 0.127344 0.485648 0.038021 0.058333
5 0.175521 0.554167 0.031250 0.043519
6 0.128906 0.637500 0.019271 0.025000
0 0.027344 0.107407 0.016146 0.033333
0 0.105729 0.376852 0.018750 0.031481
0 0.077083 0.242593 0.017708 0.024074
5 0.637760 0.554630 0.041146 0.079630
3 0.488021 0.705556 0.017708 0.051852
0 0.438021 0.704630 0.023958 0.040741
6 0.658073 0.360648 0.022396 0.065741
0 0.729948 0.275000 0.016146 0.037037
0 0.658594 0.184259 0.014063 0.070370
0 0.849740 0.443056 0.030729 0.039815
0 0.703646 0.875926 0.013542 0.031481
6 0.301042 0.906481 0.029167 0.040741
3 0.150000 0.935648 0.026042 0.037963
0 0.221094 0.913426 0.020313 0.043519
0 0.177083 0.731944 0.033333 0.025000
0 0.221615 0.866667 0.015104 0.027778
2 0.018490 0.361111 0.036979 0.042593
