5 0.549219 0.207870 0.032813 0.093519
0 0.188542 0.667593 0.018750 0.048148
6 0.207813 0.586574 0.026042 0.028704
0 0.237240 0.627778 0.021354 0.042593
5 0.239323 0.532407 0.020313 0.031481
4 0.139063 0.315278 0.027083 0.049074
0 0.134375 0.333333 0.036458 0.035185
5 0.516667 0.143519 0.027083 0.064815
5 0.592187 0.798148 0.035417 0.044444
0 0.417708 0.918519 0.015625 0.042593
4 0.256510 0.728241 0.016146 0.082407
4 0.114323 0.742593 0.029687 0.072222
5 0.023698 0.555556 0.040104 0.055556
5 0.074740 0.575463 0.027604 0.054630
0 0.814844 0.632870 0.018229 0.017593
2 0.619010 0.823611 0.030729 0.041667
4 0.391927 0.842593 0.039062 0.020370
0 0.233073 0.378704 0.016146 0.025926
2 0.212760 0.409259 0.021354 0.029630
0 0.185677 0.225463 0.015104 0.019444
0 0.242188 0.102315 0.015625 0.030556
6 0.204427 0.264815 0.014063 0.016667
