6 0.787500 0.630556 0.028125 0.050000
0 0.548698 0.204630 0.032813 0.055556
6 0.568490 0.340741 0.021354 0.040741
2 0.170313 0.382407 0.031250 0.072222
5 0.108854 0.735185 0.023958 0.037037
2 0.698698 0.640278 0.034896 0.050926
2 0.581771 0.941667 0.026042 0.057407
2 0.604427 0.220833 0.024479 0.047222
2 0.441406 0.542593 0.054688 0.087037
2 0.846354 0.903704 0.020833 0.027778
0 0.093490 0.900463 0.015104 0.025000
2 0.290625 0.569907 0.023958 0.056481
0 0.765365 0.926852 0.024479 0.044444
5 0.874740 0.976389 0.024479 0.041667
6 0.000326 0.000913 0.000008 0.000048
5 0.498958 0.850463 0.030208 0.047222
0 0.896875 0.287500 0.014583 0.025000
0 0.890885 0.886574 0.014063 0.032407
2 0.229427 0.622222 0.027604 0.033333
0 0.292708 0.430093 0.013542 0.015741
6 0.027083 0.506944 0.017708 0.008333
5 0.000248 0.000923 0.000005 0.000026
6 0.565104 0.948611 0.013542 0.026852
2 0.946875 0.335648 0.022917 0.032407
6 0.899219 0.236574 0.018229 0.028704
0 0.786979 0.257870 0.010417 0.026852
