0 0.183854 0.477315 0.021875 0.030556
6 0.050521 0.343056 0.023958 0.034259
5 0.341406 0.077315 0.034896 0.037963
5 0.812760 0.856019 0.014063 0.030556
6 0.040365 0.781019 0.025521 0.037963
4 0.519271 0.642593 0.017708 0.029630
4 0.562760 0.640278 0.018229 0.023148
0 0.827083 0.874537 0.009375 0.026852
0 0.878906 0.806019 0.014063 0.025000
0 0.880469 0.743519 0.013021 0.025926
0 0.819792 0.719907 0.010417 0.023148
0 0.809375 0.597222 0.015625 0.038889
0 0.985156 0.927315 0.013021 0.023148
0 0.981771 0.710185 0.010417 0.016667
3 0.481250 0.510648 0.029167 0.039815
0 0.491406 0.495833 0.019271 0.041667
3 0.414323 0.361111 0.016146 0.031481
0 0.425781 0.332870 0.013021 0.021296
0 0.113802 0.335648 0.011979 0.025000
0 0.195573 0.274537 0.016146 0.030556
4 0.294792 0.346296 0.015625 0.031481
0 0.396094 0.637500 0.017188 0.052778
2 0.869531 0.308796 0.086979 0.082407
