5 0.409115 0.232870 0.044271 0.088889
5 0.442969 0.515278 0.017188 0.061111
5 0.604167 0.734259 0.031771 0.034259
5 0.799740 0.571296 0.013542 0.041667
5 0.697917 0.474074 0.017188 0.034259
5 0.211198 0.278704 0.021875 0.054630
6 0.029427 0.270370 0.005208 0.025000
0 0.012760 0.179167 0.011979 0.026852
5 0.171354 0.401852 0.013542 0.024074
0 0.163542 0.430556 0.007812 0.012963
0 0.112240 0.555556 0.018229 0.021296
0 0.096354 0.356944 0.008854 0.018519
0 0.083594 0.726852 0.010417 0.018519
6 0.056250 0.741204 0.010417 0.016667
0 0.394792 0.407870 0.019792 0.019444
0 0.329688 0.411574 0.018750 0.021296
0 0.303906 0.401389 0.011458 0.014815
6 0.467708 0.661574 0.011979 0.023148
0 0.202604 0.157407 0.006250 0.009259
0 0.540625 0.316667 0.013021 0.029630
5 0.201823 0.778704 0.017188 0.032407
1 0.085156 0.909722 0.017188 0.025926
6 0.014583 0.842130 0.008333 0.018519
0 0.498958 0.856019 0.011458 0.017593
2 0.755729 0.684259 0.017188 0.029630
5 0.688021 0.779167 0.011979 0.023148
5 0.809896 0.862500 0.018229 0.025000
0 0.753385 0.898611 0.008854 0.032407
0 0.771094 0.851389 0.021354 0.040741
3 0.767969 0.761574 0.013021 0.019444
0 0.852604 0.526852 0.010937 0.025926
6 0.798698 0.325000 0.013542 0.037037
6 0.864844 0.257870 0.016146 0.044444
0 0.910937 0.500926 0.023438 0.020370
0 0.758594 0.302778 0.007292 0.016667
2 0.689323 0.245370 0.026042 0.036111
