6 0.023698 0.693056 0.009375 0.026852
5 0.200260 0.772685 0.015104 0.050000
6 0.239583 0.959259 0.009896 0.018519
0 0.266667 0.731944 0.009375 0.012963
0 0.190625 0.535648 0.010937 0.021296
4 0.189062 0.544444 0.011979 0.020370
4 0.166667 0.580093 0.009896 0.021296
4 0.166406 0.522222 0.007812 0.037963
6 0.186198 0.345833 0.015625 0.036111
0 0.213542 0.389352 0.012500 0.022222
0 0.219531 0.368056 0.008854 0.017593
6 0.202865 0.488426 0.016667 0.027778
0 0.187240 0.488426 0.010417 0.025926
0 0.165365 0.489352 0.016667 0.035185
0 0.198437 0.222685 0.015104 0.031481
4 0.127344 0.229167 0.007812 0.025926
5 0.215885 0.331019 0.017188 0.044444
0 0.251563 0.178241 0.015625 0.034259
5 0.548438 0.933333 0.033854 0.037963
0 0.567448 0.928241 0.014583 0.016667
5 0.617188 0.903241 0.018750 0.043519
4 0.615885 0.824537 0.031250 0.025926
0 0.743229 0.463426 0.007812 0.012037
0 0.727083 0.364815 0.005729 0.016667
