5 0.066146 0.514815 0.018229 0.067593
0 0.105729 0.878704 0.011979 0.025926
0 0.031771 0.789352 0.008854 0.035185
6 0.183854 0.841667 0.016667 0.032407
0 0.266927 0.931019 0.009896 0.019444
1 0.278906 0.893056 0.013021 0.050000
0 0.225000 0.806019 0.012500 0.028704
0 0.295052 0.884259 0.011458 0.012963
0 0.261719 0.976389 0.011979 0.038889
0 0.199219 0.982870 0.009375 0.012963
6 0.187500 0.573611 0.010937 0.039815
0 0.260937 0.581019 0.023958 0.024074
0 0.273698 0.539352 0.010937 0.033333
5 0.296615 0.483796 0.020833 0.043519
6 0.220573 0.294907 0.019792 0.037963
0 0.589583 0.637963 0.010937 0.022222
0 0.720052 0.835185 0.016146 0.018519
8 0.821354 0.747222 0.018750 0.033333
6 0.792448 0.638889 0.018229 0.038889
6 0.712240 0.655093 0.009375 0.018519
5 0.671875 0.446759 0.025000 0.025000
