0 0.048177 0.423611 0.008854 0.022222
6 0.125521 0.347222 0.014063 0.030556
0 0.108073 0.476389 0.004167 0.012963
2 0.139323 0.487500 0.016667 0.044444
5 0.144531 0.898611 0.021354 0.058333
6 0.232813 0.951389 0.011458 0.020370
4 0.177083 0.862037 0.011979 0.011111
0 0.238021 0.799537 0.007812 0.014815
6 0.284635 0.831944 0.011979 0.020370
4 0.276562 0.785648 0.008333 0.024074
4 0.309635 0.651389 0.007812 0.017593
0 0.303385 0.783333 0.002604 0.026852
0 0.288542 0.772222 0.007292 0.021296
0 0.336458 0.735185 0.007812 0.052778
0 0.301823 0.490741 0.007292 0.015741
4 0.295052 0.512500 0.023438 0.033333
0 0.410417 0.513889 0.017188 0.013889
5 0.621094 0.710185 0.010417 0.024074
6 0.593229 0.293981 0.012500 0.023148
