5 0.627344 0.397685 0.019271 0.032407
5 0.619010 0.693056 0.022396 0.036111
0 0.287500 0.202315 0.028125 0.036111
0 0.336979 0.074537 0.010417 0.019444
0 0.015365 0.238889 0.019271 0.018519
5 0.019010 0.438889 0.022396 0.027778
7 0.052344 0.452315 0.032813 0.030556
0 0.139583 0.581944 0.020833 0.025000
5 0.053125 0.662500 0.031250 0.026852
5 0.104948 0.883333 0.025521 0.025926
5 0.246615 0.941667 0.024479 0.035185
0 0.234635 0.984259 0.015104 0.022222
0 0.810937 0.746296 0.020833 0.027778
0 0.967187 0.508333 0.017708 0.025926
