3 0.173698 0.481019 0.043229 0.075000
0 0.042969 0.485648 0.023438 0.045370
2 0.403125 0.336111 0.046875 0.062963
5 0.411719 0.484259 0.043229 0.059259
5 0.519010 0.523148 0.048438 0.057407
6 0.580990 0.654167 0.038021 0.045370
6 0.860938 0.216667 0.022917 0.035185
3 0.754948 0.384722 0.024479 0.049074
0 0.782292 0.374537 0.018750 0.025000
5 0.762500 0.532407 0.022917 0.035185
0 0.729688 0.519907 0.013542 0.030556
0 0.766667 0.317130 0.020833 0.026852
6 0.848698 0.631019 0.030729 0.034259
0 0.857552 0.924537 0.019271 0.023148
