0 0.207813 0.143981 0.013542 0.019444
0 0.195833 0.100000 0.009375 0.018519
0 0.021875 0.191667 0.012500 0.022222
0 0.011198 0.219444 0.014063 0.029630
0 0.021615 0.409722 0.010937 0.021296
4 0.429427 0.549537 0.029687 0.037963
7 0.196354 0.860185 0.018750 0.027778
6 0.394531 0.879630 0.011979 0.022222
5 0.641667 0.900926 0.021875 0.055556
0 0.688281 0.385185 0.014063 0.027778
0 0.807813 0.469444 0.018750 0.022222
5 0.953646 0.575000 0.025000 0.038889
0 0.917448 0.820370 0.014063 0.024074
6 0.366146 0.241204 0.011458 0.017593
0 0.393229 0.262037 0.021875 0.035185
