6 0.449479 0.402778 0.026042 0.038889
5 0.833594 0.761111 0.021354 0.033333
0 0.423438 0.467593 0.018750 0.037037
5 0.734375 0.514815 0.020833 0.027778
6 0.482812 0.595833 0.018750 0.028704
0 0.995573 0.584259 0.008854 0.014815
0 0.458333 0.664352 0.014583 0.023148
4 0.525781 0.211574 0.023438 0.052778
0 0.567708 0.501852 0.089583 0.168519
5 0.462240 0.528241 0.019271 0.078704
2 0.495052 0.273148 0.028646 0.057407
6 0.387760 0.592593 0.028646 0.062963
6 0.658073 0.692130 0.016146 0.030556
4 0.464323 0.702778 0.025521 0.031481
0 0.397135 0.681481 0.015104 0.050000
