4 0.629948 0.629630 0.036979 0.051852
2 0.942708 0.972685 0.029167 0.049074
0 0.831510 0.471759 0.036979 0.047222
0 0.475521 0.573611 0.015625 0.078704
2 0.649740 0.374537 0.027604 0.060185
2 0.483854 0.777778 0.023958 0.057407
0 0.338542 0.978241 0.023958 0.043519
0 0.778906 0.648611 0.017188 0.036111
0 0.405469 0.230556 0.024479 0.042593
6 0.994010 0.843519 0.011979 0.018519
5 0.807813 0.579630 0.020833 0.044444
5 0.714583 0.523611 0.022917 0.054630
5 0.671094 0.407407 0.024479 0.044444
2 0.950781 0.310648 0.023438 0.039815
5 0.949479 0.791667 0.029167 0.025926
2 0.962760 0.753241 0.027604 0.017593
5 0.955729 0.902778 0.025000 0.037037
0 0.945312 0.867593 0.016667 0.025926
6 0.883594 0.930556 0.019271 0.031481
6 0.811719 0.393981 0.021354 0.047222
6 0.399479 0.975000 0.016667 0.037037
2 0.320312 0.899074 0.016667 0.040741
