6 0.196094 0.331481 0.024479 0.042593
3 0.104948 0.369444 0.019271 0.027778
0 0.288802 0.437500 0.020313 0.036111
6 0.310677 0.529630 0.030729 0.068519
0 0.222396 0.617593 0.021875 0.035185
0 0.210156 0.826852 0.020313 0.029630
4 0.228646 0.838426 0.018750 0.030556
0 0.000130 0.000922 0.000010 0.000053
0 0.203646 0.861574 0.025000 0.036111
0 0.123698 0.957407 0.029687 0.035185
0 0.034635 0.875926 0.016146 0.033333
0 0.039062 0.708796 0.018750 0.025000
6 0.147135 0.568519 0.027604 0.042593
0 0.337760 0.381944 0.013021 0.023148
0 0.337500 0.323611 0.014583 0.023148
0 0.576823 0.348611 0.019271 0.045370
