6 0.119792 0.500926 0.030729 0.075000
5 0.169531 0.548148 0.017708 0.030556
0 0.121094 0.856019 0.010417 0.025000
5 0.588021 0.617593 0.030729 0.029630
3 0.591927 0.700926 0.016667 0.033333
3 0.644010 0.513426 0.021875 0.028704
3 0.567448 0.467593 0.013021 0.033333
5 0.542969 0.666667 0.037500 0.048148
0 0.578906 0.408333 0.017188 0.039815
3 0.661198 0.261111 0.012500 0.025000
0 0.711719 0.090278 0.007292 0.012963
0 0.752604 0.185648 0.006250 0.011111
0 0.841406 0.274537 0.002604 0.011111
6 0.949219 0.204630 0.007292 0.011111
0 0.784375 0.859722 0.009375 0.014815
6 0.839583 0.969444 0.015625 0.023148
0 0.249479 0.882407 0.018750 0.031481
0 0.526302 0.558333 0.006771 0.010185
6 0.563542 0.549537 0.010417 0.022222
0 0.554948 0.550000 0.025000 0.017593
4 0.631510 0.504167 0.016146 0.050926
0 0.509896 0.601852 0.021875 0.007407
