5 0.160417 0.572222 0.018750 0.014815
0 0.051823 0.562500 0.012500 0.030556
3 0.630729 0.378241 0.015104 0.025926
2 0.771094 0.114815 0.031771 0.084259
0 0.744010 0.166667 0.016667 0.032407
0 0.713281 0.282870 0.010937 0.022222
3 0.722656 0.391204 0.007812 0.021296
6 0.945052 0.446759 0.013542 0.034259
5 0.836198 0.106481 0.015104 0.023148
0 0.742708 0.437037 0.014583 0.018519
5 0.722917 0.489352 0.015104 0.025926
5 0.971875 0.651389 0.017188 0.026852
0 0.782552 0.722222 0.011458 0.028704
5 0.675000 0.769444 0.024479 0.050000
5 0.635677 0.707870 0.020313 0.041667
2 0.594271 0.542130 0.026042 0.050000
0 0.544792 0.677778 0.015625 0.019444
5 0.789323 0.886111 0.014063 0.039815
4 0.675000 0.566667 0.027604 0.020370
0 0.610417 0.505093 0.005729 0.011111
0 0.625260 0.529630 0.008333 0.024074
0 0.645052 0.601852 0.006771 0.015741
0 0.000000 0.000000 0.000000 0.000000
0 0.000000 0.000000 0.000000 0.000000
5 0.311458 0.680556 0.016146 0.029630
5 0.226562 0.862037 0.023958 0.032407
0 0.096875 0.629167 0.005208 0.016667
0 0.090365 0.639815 0.004687 0.016667
5 0.045052 0.606481 0.007812 0.022222
5 0.008594 0.947222 0.013021 0.036111
0 0.129688 0.768981 0.011458 0.025926
0 0.117188 0.813426 0.008333 0.025000
0 0.624740 0.911574 0.015625 0.033333
5 0.603646 0.935648 0.013542 0.024074
5 0.215365 0.014815 0.022917 0.029630
2 0.982552 0.828704 0.034896 0.083333
3 0.495312 0.957870 0.016146 0.020370
6 0.333854 0.726852 0.013542 0.020370
2 0.111979 0.061111 0.012500 0.024074
6 0.746875 0.237963 0.013021 0.032407
2 0.775000 0.209722 0.016146 0.046296
