2 0.301042 0.741204 0.032813 0.073148
5 0.214062 0.834722 0.017188 0.034259
2 0.246875 0.416667 0.026042 0.061111
5 0.424740 0.985185 0.030208 0.029630
5 0.405729 0.708796 0.025000 0.057407
5 0.539583 0.404167 0.015625 0.046296
5 0.542708 0.245370 0.023438 0.043519
5 0.736979 0.178704 0.017708 0.045370
0 0.120052 0.295833 0.008854 0.015741
0 0.047396 0.356944 0.006250 0.013889
5 0.547135 0.309722 0.022917 0.040741
0 0.555990 0.239352 0.005208 0.009259
0 0.735677 0.542130 0.009375 0.022222
0 0.695052 0.818981 0.018229 0.025000
0 0.707552 0.597685 0.015625 0.024074
4 0.076302 0.895833 0.005729 0.037963
0 0.617448 0.107870 0.017708 0.020370
