5 0.100260 0.800926 0.015104 0.049074
5 0.170573 0.916204 0.014583 0.031481
5 0.170573 0.865278 0.011979 0.026852
0 0.350781 0.239815 0.008854 0.018519
0 0.079948 0.290741 0.005208 0.015741
0 0.048698 0.397222 0.009896 0.014815
5 0.144271 0.935648 0.011979 0.020370
0 0.211458 0.308333 0.007812 0.028704
5 0.770573 0.219907 0.016667 0.052778
0 0.755469 0.161574 0.011979 0.014815
0 0.848958 0.117593 0.008333 0.021296
0 0.762500 0.090278 0.007812 0.014815
4 0.813542 0.300000 0.019271 0.038889
0 0.967448 0.146296 0.005729 0.009259
0 0.983854 0.187963 0.004167 0.012963
4 0.954167 0.470833 0.016146 0.013889
5 0.703385 0.746759 0.013021 0.046296
4 0.673438 0.665741 0.005729 0.025000
0 0.864062 0.888889 0.018750 0.036111
5 0.946094 0.746296 0.010417 0.030556
