6 0.180990 0.078241 0.018229 0.032407
0 0.601302 0.857870 0.017188 0.032407
5 0.209375 0.811574 0.062500 0.069444
6 0.750260 0.336111 0.025521 0.029630
0 0.483333 0.772685 0.016667 0.036111
0 0.603646 0.308333 0.015625 0.033333
5 0.827344 0.539815 0.049479 0.062963
0 0.038802 0.728704 0.018229 0.025926
6 0.128906 0.139352 0.022396 0.032407
0 0.925521 0.307870 0.018750 0.023148
0 0.892448 0.288426 0.017188 0.036111
0 0.083854 0.932407 0.017708 0.025926
0 0.779427 0.754167 0.027604 0.041667
0 0.299740 0.887037 0.041146 0.061111
6 0.798438 0.329167 0.034375 0.041667
0 0.886198 0.380556 0.028646 0.037037
3 0.342969 0.332407 0.019271 0.035185
7 0.321875 0.319907 0.022917 0.034259
5 0.485156 0.090741 0.017188 0.055556
0 0.688802 0.155093 0.020313 0.028704
0 0.740104 0.238426 0.022917 0.034259
0 0.038281 0.851852 0.018229 0.020370
0 0.020833 0.837500 0.015625 0.025000
0 0.205729 0.581481 0.023958 0.048148
0 0.011719 0.423611 0.023438 0.026852
0 0.624740 0.341667 0.016146 0.040741
7 0.839323 0.451852 0.017188 0.018519
6 0.752083 0.792130 0.039583 0.050926
0 0.450521 0.799537 0.035417 0.037963
0 0.264844 0.970370 0.025521 0.031481
0 0.163542 0.386111 0.017708 0.035185
