0 0.298177 0.879167 0.009896 0.017593
2 0.326042 0.852778 0.028646 0.093519
5 0.215365 0.692593 0.025521 0.039815
0 0.250000 0.673611 0.020313 0.021296
5 0.065625 0.636574 0.011979 0.040741
5 0.156510 0.482870 0.017708 0.062037
5 0.222135 0.380556 0.012500 0.039815
0 0.292708 0.381944 0.009375 0.030556
3 0.219271 0.308333 0.010417 0.016667
2 0.529427 0.084722 0.018229 0.034259
4 0.529948 0.142593 0.014063 0.050000
4 0.515625 0.255093 0.026562 0.034259
0 0.452344 0.274537 0.031250 0.029630
5 0.603385 0.418056 0.020313 0.036111
0 0.380469 0.506944 0.015625 0.027778
0 0.583333 0.969444 0.006250 0.011111
4 0.702865 0.964352 0.013542 0.042593
0 0.775000 0.983796 0.022917 0.029630
4 0.694271 0.415741 0.021875 0.011111
