5 0.800000 0.704167 0.037500 0.041667
5 0.843229 0.602315 0.028125 0.049074
5 0.773177 0.507870 0.034896 0.041667
5 0.259375 0.377315 0.029167 0.049074
6 0.864583 0.918519 0.020833 0.035185
5 0.829948 0.709259 0.020313 0.044444
6 0.460156 0.968056 0.015104 0.058333
6 0.239583 0.082407 0.021875 0.037037
2 0.088281 0.835648 0.018229 0.030556
2 0.066667 0.234722 0.048958 0.054630
0 0.866406 0.347222 0.018229 0.025926
0 0.172917 0.727315 0.025000 0.037963
0 0.902344 0.406481 0.024479 0.027778
0 0.024740 0.342130 0.014063 0.013889
6 0.626042 0.462037 0.023958 0.038889
6 0.784896 0.186574 0.029167 0.054630
0 0.920833 0.275000 0.019792 0.029630
5 0.665625 0.860185 0.045833 0.053704
0 0.465885 0.215278 0.020313 0.030556
6 0.923177 0.272685 0.022396 0.026852
0 0.465104 0.215741 0.014583 0.022222
6 0.653906 0.237963 0.019271 0.037037
5 0.675260 0.882407 0.025521 0.064815
0 0.129427 0.904630 0.022396 0.044444
0 0.055469 0.599537 0.019271 0.034259
6 0.144271 0.114815 0.013542 0.031481
