5 0.032292 0.193519 0.010417 0.037963
5 0.087760 0.300000 0.017708 0.040741
0 0.156510 0.321296 0.007812 0.015741
0 0.083854 0.522685 0.006250 0.020370
0 0.036458 0.392593 0.006771 0.016667
5 0.388802 0.565741 0.016667 0.038889
5 0.423958 0.588426 0.022917 0.045370
0 0.000000 0.000000 0.000000 0.000000
6 0.397656 0.533333 0.009896 0.020370
0 0.435937 0.135648 0.012500 0.031481
6 0.453646 0.052778 0.014063 0.025000
5 0.500260 0.116667 0.014583 0.029630
2 0.563281 0.180556 0.032292 0.061111
0 0.644271 0.133333 0.017708 0.047222
0 0.594792 0.162500 0.013542 0.012037
3 0.701042 0.773148 0.006771 0.025926
0 0.691406 0.751852 0.013021 0.014815
0 0.753385 0.676852 0.007292 0.033333
4 0.786719 0.707870 0.003125 0.050000
6 0.642188 0.950926 0.016667 0.034259
5 0.763021 0.620833 0.018750 0.045370
5 0.779948 0.334722 0.019792 0.056481
6 0.859896 0.226852 0.022396 0.049074
5 0.964844 0.525926 0.014063 0.053704
0 0.849740 0.285648 0.006250 0.022222
0 0.848437 0.241204 0.010937 0.027778
4 0.914583 0.359259 0.015104 0.030556
0 0.108594 0.784722 0.009375 0.017593
