5 0.235677 0.295370 0.031771 0.037037
2 0.258333 0.320370 0.029167 0.027778
0 0.285677 0.369444 0.017188 0.024074
5 0.314583 0.414815 0.026042 0.046296
3 0.228646 0.166204 0.018750 0.013889
0 0.220573 0.124537 0.008854 0.015741
5 0.453125 0.237500 0.016667 0.076852
0 0.413281 0.650463 0.018229 0.028704
6 0.303125 0.523611 0.025000 0.036111
4 0.356510 0.750463 0.033854 0.019444
0 0.845313 0.883796 0.018750 0.015741
7 0.623958 0.927778 0.010417 0.020370
5 0.259115 0.213889 0.049479 0.055556
6 0.378646 0.139815 0.013542 0.024074
