0 0.911979 0.602315 0.016667 0.030556
6 0.402344 0.377315 0.026562 0.056481
6 0.503125 0.877315 0.018750 0.039815
2 0.291667 0.759722 0.030208 0.043519
6 0.722396 0.897685 0.017708 0.036111
5 0.690885 0.167593 0.025521 0.038889
2 0.379948 0.566204 0.031771 0.056481
0 0.688542 0.273148 0.020833 0.035185
0 0.818490 0.882407 0.016146 0.031481
0 0.269010 0.699074 0.019271 0.037037
5 0.401042 0.361111 0.030208 0.055556
0 0.291146 0.884259 0.023958 0.037037
0 0.226302 0.739815 0.019271 0.031481
2 0.963021 0.689352 0.022917 0.026852
0 0.316927 0.450000 0.021354 0.037037
0 0.280990 0.690741 0.023438 0.035185
3 0.474479 0.831944 0.019792 0.041667
0 0.536458 0.711111 0.020833 0.038889
0 0.226823 0.919444 0.015104 0.027778
6 0.560417 0.948148 0.021875 0.033333
0 0.561979 0.924537 0.021875 0.037963
4 0.259115 0.954167 0.033854 0.039815
