6 0.153125 0.499074 0.010937 0.023148
6 0.152865 0.438889 0.008854 0.018519
5 0.194792 0.431481 0.015104 0.031481
6 0.214844 0.413889 0.010937 0.026852
5 0.140885 0.277315 0.008854 0.020370
2 0.149219 0.396759 0.017708 0.050000
0 0.155469 0.681944 0.009375 0.019444
4 0.249479 0.544907 0.007292 0.031481
4 0.167969 0.878241 0.022396 0.031481
0 0.214323 0.993056 0.019792 0.013889
0 0.366927 0.769444 0.011979 0.017593
0 0.613021 0.703704 0.009375 0.028704
5 0.845313 0.534259 0.018750 0.043519
0 0.019010 0.592593 0.007292 0.031481
0 0.127083 0.382407 0.010417 0.032407
