6 0.119531 0.967593 0.008854 0.020370
2 0.158073 0.824074 0.012500 0.027778
0 0.213802 0.787963 0.008854 0.019444
6 0.245833 0.731019 0.012500 0.025000
6 0.258594 0.600926 0.016667 0.026852
0 0.284115 0.548611 0.009375 0.015741
6 0.164062 0.639815 0.009896 0.021296
4 0.190885 0.612037 0.002083 0.029630
0 0.050260 0.476389 0.007292 0.015741
4 0.106771 0.297222 0.007812 0.039815
4 0.143490 0.239815 0.008333 0.025926
0 0.174740 0.318519 0.025521 0.023148
3 0.302083 0.337500 0.014583 0.035185
3 0.322917 0.135648 0.012500 0.025000
0 0.498698 0.092130 0.004687 0.010185
2 0.595052 0.357870 0.013542 0.043519
0 0.604688 0.326852 0.022396 0.021296
5 0.525521 0.688889 0.017188 0.049074
5 0.500260 0.714815 0.014063 0.022222
6 0.426042 0.867593 0.009375 0.023148
0 0.401042 0.909259 0.005208 0.011111
0 0.751823 0.539352 0.008854 0.016667
2 0.345313 0.859259 0.039583 0.075926
0 0.424740 0.240278 0.017708 0.038889
0 0.410156 0.268519 0.028646 0.012037
0 0.461719 0.262500 0.006771 0.012037
2 0.337240 0.791667 0.016146 0.036111
