0 0.058333 0.856481 0.007812 0.017593
5 0.187760 0.900000 0.017708 0.040741
0 0.241146 0.891204 0.009896 0.020370
0 0.209635 0.994444 0.009896 0.011111
0 0.016927 0.795833 0.006250 0.023148
0 0.209375 0.694907 0.008854 0.011111
0 0.012760 0.446296 0.005208 0.012963
5 0.237500 0.276389 0.037500 0.067593
0 0.299479 0.286111 0.007812 0.022222
7 0.499219 0.490741 0.021875 0.032407
2 0.572917 0.598148 0.013542 0.022222
0 0.300000 0.650463 0.009896 0.028704
5 0.612500 0.675926 0.036979 0.050000
6 0.451042 0.875000 0.022917 0.043519
0 0.766667 0.872685 0.010417 0.039815
0 0.800000 0.800463 0.011979 0.020370
6 0.850781 0.726852 0.014583 0.024074
5 0.794792 0.673611 0.025000 0.032407
5 0.838281 0.673148 0.022396 0.028704
0 0.945833 0.618056 0.009896 0.022222
0 0.871875 0.630093 0.009375 0.038889
0 0.935156 0.393056 0.007292 0.017593
0 0.928646 0.284722 0.018750 0.025926
4 0.798958 0.173611 0.005729 0.048148
0 0.965104 0.198148 0.013542 0.025926
0 0.317188 0.477315 0.007292 0.011111
