5 0.394792 0.663426 0.016667 0.058333
4 0.369010 0.581481 0.019792 0.037037
4 0.194531 0.762963 0.006250 0.037963
0 0.157552 0.666667 0.006250 0.015741
0 0.055469 0.562500 0.011979 0.009259
5 0.061198 0.818519 0.007812 0.030556
5 0.069010 0.714815 0.007812 0.025926
5 0.028646 0.688889 0.004167 0.028704
0 0.387240 0.560648 0.006250 0.011111
0 0.193229 0.696296 0.005729 0.012963
6 0.203646 0.148611 0.009896 0.023148
0 0.165885 0.295370 0.007812 0.013889
4 0.036719 0.263889 0.011979 0.024074
0 0.060937 0.435185 0.007812 0.016667
2 0.605729 0.322222 0.032813 0.062963
0 0.575781 0.331481 0.009896 0.022222
0 0.593490 0.248611 0.013021 0.023148
5 0.857292 0.365278 0.019792 0.052778
0 0.685677 0.674074 0.006771 0.025000
0 0.764323 0.498611 0.007292 0.034259
0 0.891406 0.669907 0.008854 0.016667
