5 0.045312 0.528704 0.017708 0.038889
5 0.055990 0.548611 0.021354 0.036111
0 0.132812 0.300463 0.015625 0.025000
2 0.193750 0.402315 0.030208 0.034259
0 0.011979 0.299537 0.012500 0.021296
6 0.176042 0.573148 0.014583 0.027778
6 0.312500 0.212963 0.015625 0.020370
0 0.397396 0.360185 0.014583 0.029630
0 0.218229 0.695370 0.026042 0.038889
4 0.120833 0.782870 0.023958 0.045370
0 0.054688 0.897685 0.017708 0.037963
6 0.287240 0.793519 0.022396 0.031481
0 0.229948 0.754630 0.023438 0.031481
0 0.248958 0.747685 0.014583 0.026852
0 0.317188 0.643981 0.027083 0.045370
0 0.373177 0.614352 0.019271 0.028704
5 0.398177 0.811574 0.023438 0.071296
3 0.413021 0.765741 0.014583 0.031481
6 0.444010 0.738426 0.015104 0.026852
0 0.328906 0.893981 0.017188 0.023148
0 0.384115 0.864352 0.019271 0.025000
0 0.125781 0.876389 0.028646 0.039815
6 0.138021 0.819444 0.016667 0.031481
0 0.358594 0.663889 0.016146 0.031481
0 0.188281 0.711574 0.025521 0.026852
2 0.728646 0.169444 0.029167 0.064815
5 0.781250 0.220833 0.021875 0.032407
5 0.841406 0.401389 0.027604 0.054630
0 0.828385 0.337500 0.013021 0.021296
0 0.737760 0.564815 0.019271 0.040741
6 0.829427 0.590741 0.019271 0.044444
6 0.778646 0.739815 0.020833 0.035185
0 0.812240 0.575463 0.016146 0.023148
5 0.762760 0.767130 0.019271 0.030556
2 0.800781 0.806481 0.035937 0.048148
4 0.673958 0.737037 0.034375 0.046296
0 0.521615 0.730093 0.017188 0.036111
0 0.566406 0.636574 0.013021 0.021296
0 0.734375 0.834722 0.016667 0.025000
0 0.740365 0.776852 0.028646 0.033333
0 0.741406 0.626852 0.016146 0.022222
0 0.553646 0.912963 0.018750 0.044444
0 0.523438 0.962963 0.020833 0.031481
2 0.866667 0.856019 0.032292 0.050926
4 0.634375 0.925000 0.021875 0.024074
0 0.469792 0.721759 0.013542 0.026852
5 0.785937 0.418981 0.020833 0.041667
0 0.979948 0.680093 0.013021 0.017593
0 0.961458 0.668981 0.014583 0.017593
0 0.953385 0.729167 0.014063 0.019444
5 0.706510 0.205556 0.014063 0.027778
3 0.790365 0.562963 0.015104 0.022222
0 0.186458 0.706481 0.037500 0.020370
