5 0.347656 0.882870 0.023958 0.046296
2 0.447396 0.901852 0.033333 0.067593
5 0.544531 0.633796 0.022917 0.068519
5 0.421615 0.600463 0.015625 0.018519
6 0.597656 0.204630 0.016146 0.025000
6 0.733594 0.229630 0.019271 0.040741
6 0.733854 0.287500 0.016146 0.043519
0 0.756510 0.416667 0.014063 0.026852
6 0.734115 0.487500 0.024479 0.050000
6 0.804948 0.483796 0.015104 0.020370
5 0.836198 0.930556 0.017188 0.038889
0 0.636198 0.880093 0.023958 0.041667
5 0.911198 0.968056 0.016667 0.033333
2 0.879948 0.874537 0.014583 0.048148
2 0.992969 0.771296 0.012500 0.059259
0 0.974479 0.761574 0.019792 0.046296
2 0.827604 0.282407 0.014583 0.026852
5 0.790885 0.443519 0.026042 0.037963
