5 0.203906 0.171759 0.022396 0.030556
5 0.221094 0.252315 0.026562 0.036111
5 0.391146 0.311574 0.032292 0.032407
5 0.430729 0.340741 0.055208 0.077778
0 0.428646 0.230093 0.021875 0.037963
0 0.426042 0.277315 0.014583 0.028704
0 0.444010 0.175000 0.016146 0.016667
0 0.422135 0.106019 0.010937 0.028704
6 0.247135 0.307407 0.019271 0.035185
0 0.244531 0.275463 0.015104 0.026852
0 0.314583 0.227778 0.015625 0.018519
0 0.324219 0.230556 0.018229 0.014815
0 0.419271 0.216667 0.017708 0.025926
5 0.358594 0.326389 0.021354 0.026852
0 0.344271 0.456481 0.013542 0.022222
6 0.392448 0.590278 0.028646 0.037963
6 0.403906 0.590741 0.017188 0.025926
5 0.345833 0.516667 0.045833 0.070370
2 0.291406 0.727778 0.045312 0.064815
0 0.369792 0.775926 0.023958 0.025926
6 0.334115 0.820833 0.021354 0.041667
0 0.324740 0.611111 0.021354 0.031481
0 0.240104 0.577778 0.010417 0.014815
7 0.469010 0.607870 0.008854 0.019444
5 0.365885 0.702315 0.019271 0.034259
0 0.320573 0.718519 0.020313 0.035185
2 0.355990 0.900000 0.043229 0.050000
2 0.310156 0.916204 0.019271 0.037963
3 0.360938 0.987037 0.014583 0.025926
5 0.345052 0.975463 0.020313 0.028704
5 0.313281 0.977315 0.016146 0.034259
0 0.413802 0.893519 0.036979 0.062963
5 0.393229 0.962500 0.021875 0.028704
4 0.594010 0.625000 0.038021 0.016667
5 0.000320 0.000915 0.000014 0.000066
0 0.604688 0.819444 0.014583 0.027778
3 0.495312 0.743981 0.011458 0.015741
0 0.820052 0.439815 0.020313 0.031481
2 0.883073 0.524537 0.043229 0.054630
2 0.973958 0.708333 0.043750 0.048148
0 0.894792 0.878241 0.021875 0.026852
0 0.485156 0.460648 0.016146 0.025000
0 0.400000 0.417593 0.019792 0.025926
0 0.277604 0.433333 0.010417 0.012963
0 0.071094 0.414815 0.011979 0.022222
4 0.322917 0.832407 0.018750 0.033333
7 0.369271 0.186574 0.009375 0.013889
0 0.357812 0.166667 0.012500 0.029630
0 0.366406 0.252315 0.014063 0.036111
0 0.381771 0.247685 0.007292 0.026852
