5 0.622135 0.542130 0.048438 0.058333
5 0.785937 0.651852 0.043750 0.051852
5 0.790625 0.812500 0.033333 0.054630
6 0.926042 0.334259 0.043750 0.055556
6 0.921875 0.294444 0.021875 0.055556
5 0.877604 0.381019 0.031250 0.030556
5 0.802604 0.408796 0.028125 0.026852
5 0.783073 0.385185 0.020313 0.038889
5 0.594271 0.325926 0.026042 0.037037
5 0.317708 0.693519 0.033333 0.048148
5 0.370833 0.612963 0.023958 0.061111
0 0.492708 0.851389 0.031250 0.080556
6 0.285938 0.533333 0.028125 0.055556
6 0.238802 0.436574 0.025521 0.049074
2 0.881771 0.544907 0.059375 0.100926
0 0.803646 0.533796 0.018750 0.026852
5 0.889844 0.792593 0.029687 0.059259
0 0.710417 0.675463 0.038542 0.028704
0 0.837760 0.935648 0.017188 0.034259
0 0.783854 0.948611 0.017708 0.023148
0 0.128385 0.256944 0.020313 0.034259
0 0.063281 0.298611 0.019271 0.032407
6 0.109115 0.492593 0.024479 0.035185
0 0.128385 0.090741 0.013021 0.031481
0 0.125260 0.105093 0.015104 0.028704
0 0.009375 0.183333 0.012500 0.022222
