5 0.604688 0.460185 0.042708 0.064815
5 0.534635 0.387500 0.038021 0.049074
5 0.682292 0.463889 0.041667 0.061111
4 0.676302 0.449074 0.041146 0.018519
6 0.741927 0.918519 0.027604 0.074074
5 0.740365 0.961574 0.020313 0.058333
5 0.660677 0.671759 0.019271 0.036111
0 0.989323 0.878241 0.021354 0.036111
3 0.336719 0.105093 0.018229 0.021296
5 0.327083 0.110185 0.027083 0.029630
0 0.333594 0.179167 0.029687 0.026852
6 0.464583 0.185648 0.016667 0.037963
0 0.725521 0.497222 0.019792 0.022222
4 0.448437 0.705093 0.034375 0.028704
