2 0.104167 0.359722 0.025521 0.091667
3 0.295052 0.450000 0.024479 0.037963
0 0.279948 0.509259 0.028125 0.037963
2 0.177083 0.637500 0.015104 0.029630
0 0.086198 0.855093 0.018750 0.028704
6 0.390885 0.438426 0.017188 0.023148
7 0.479687 0.603241 0.007292 0.015741
0 0.296354 0.348611 0.008333 0.013889
5 0.209896 0.109722 0.014583 0.029630
5 0.304427 0.257870 0.010417 0.045370
4 0.369271 0.303241 0.008854 0.058333
5 0.277083 0.138889 0.016146 0.028704
0 0.917708 0.248611 0.018750 0.023148
5 0.857292 0.428241 0.020313 0.050000
2 0.870833 0.344444 0.017188 0.027778
0 0.617448 0.525926 0.023438 0.049074
5 0.614583 0.681944 0.017708 0.051852
3 0.819531 0.716204 0.014583 0.027778
5 0.840365 0.795833 0.016667 0.051852
0 0.583594 0.973611 0.013542 0.035185
0 0.491406 0.839352 0.016146 0.022222
4 0.724219 0.423611 0.015104 0.047222
0 0.492969 0.575926 0.026042 0.043519
