2 0.104167 0.501852 0.043750 0.064815
2 0.388802 0.472685 0.028646 0.045370
0 0.322396 0.591204 0.019792 0.041667
0 0.294271 0.346759 0.029167 0.043519
5 0.407813 0.294907 0.029167 0.062037
6 0.462240 0.293519 0.028646 0.033333
5 0.321875 0.333333 0.030208 0.029630
2 0.566927 0.281019 0.030729 0.041667
0 0.490625 0.227315 0.017708 0.030556
0 0.494792 0.250000 0.014583 0.031481
0 0.518750 0.360185 0.014583 0.035185
6 0.539062 0.433796 0.016667 0.036111
6 0.493750 0.502315 0.014583 0.034259
5 0.495052 0.462037 0.029687 0.031481
5 0.472656 0.388889 0.036979 0.050000
0 0.487500 0.408333 0.025000 0.029630
0 0.427604 0.391204 0.019792 0.030556
6 0.653385 0.406019 0.031771 0.054630
5 0.680469 0.412963 0.021354 0.031481
3 0.710417 0.486111 0.039583 0.027778
5 0.554948 0.506944 0.038021 0.054630
0 0.514583 0.541667 0.012500 0.022222
0 0.581771 0.475000 0.019792 0.046296
2 0.522656 0.648611 0.036979 0.049074
3 0.677604 0.851852 0.012500 0.020370
6 0.740365 0.945833 0.018229 0.028704
2 0.000419 0.000913 0.000014 0.000060
0 0.890365 0.930093 0.011979 0.023148
0 0.714844 0.823148 0.016146 0.033333
2 0.780469 0.332407 0.031771 0.055556
0 0.731771 0.115278 0.015625 0.025000
0 0.642969 0.289352 0.011979 0.015741
7 0.588542 0.247222 0.008333 0.012963
0 0.961458 0.790278 0.011458 0.019444
0 0.985938 0.813889 0.019792 0.016667
2 0.384375 0.793519 0.027083 0.051852
2 0.348438 0.698611 0.035417 0.030556
0 0.582812 0.669444 0.018750 0.061111
0 0.328906 0.810185 0.017188 0.037037
0 0.354167 0.832407 0.054167 0.040741
0 0.290365 0.835185 0.011979 0.022222
4 0.153125 0.567593 0.020833 0.022222
6 0.191667 0.695370 0.012500 0.024074
0 0.402865 0.423148 0.010937 0.020370
0 0.378125 0.204167 0.016667 0.026852
0 0.392448 0.182407 0.013021 0.027778
0 0.055208 0.659722 0.012500 0.023148
0 0.057031 0.672685 0.011979 0.015741
2 0.160156 0.766667 0.021354 0.046296
0 0.059896 0.792130 0.018750 0.032407
0 0.064583 0.880556 0.012500 0.022222
0 0.070052 0.921759 0.015104 0.023148
0 0.031771 0.959259 0.017708 0.024074
0 0.007031 0.881019 0.014063 0.019444
0 0.016927 0.682870 0.033854 0.028704
0 0.007552 0.993056 0.007812 0.013889
