5 0.538281 0.222685 0.029687 0.047222
5 0.539062 0.146759 0.031250 0.071296
6 0.757552 0.285648 0.019271 0.030556
6 0.699479 0.473611 0.025000 0.030556
0 0.982031 0.283796 0.018229 0.025000
5 0.259896 0.547685 0.020833 0.021296
6 0.729427 0.803241 0.035937 0.058333
4 0.551823 0.623611 0.025521 0.052778
5 0.809896 0.922222 0.029167 0.042593
8 0.857812 0.644444 0.014583 0.022222
0 0.369010 0.530556 0.027604 0.035185
5 0.063542 0.240278 0.029167 0.034259
5 0.090625 0.241204 0.015625 0.023148
8 0.304427 0.518519 0.011979 0.025926
2 0.490625 0.156944 0.030208 0.028704
6 0.756250 0.187963 0.020833 0.033333
0 0.765365 0.154630 0.016146 0.016667
0 0.782552 0.168519 0.009896 0.014815
0 0.994792 0.422685 0.010417 0.015741
5 0.830990 0.957407 0.030729 0.055556
0 0.899740 0.750926 0.007812 0.012963
0 0.920573 0.856944 0.013021 0.021296
0 0.704427 0.943519 0.014063 0.020370
0 0.736719 0.924537 0.011979 0.025000
