0 0.033073 0.308796 0.010937 0.025000
6 0.159375 0.433796 0.015625 0.017593
5 0.342448 0.243056 0.011979 0.026852
0 0.408854 0.338889 0.013542 0.022222
0 0.356250 0.429630 0.012500 0.025926
5 0.440104 0.094907 0.011458 0.030556
5 0.475000 0.225000 0.015625 0.022222
6 0.819792 0.208333 0.032292 0.035185
6 0.804948 0.253241 0.019271 0.030556
5 0.897917 0.359259 0.030208 0.033333
0 0.923958 0.336574 0.009375 0.012037
0 0.990625 0.583333 0.017708 0.016667
5 0.888802 0.657870 0.023438 0.034259
0 0.985677 0.661111 0.021354 0.022222
0 0.779167 0.856944 0.015625 0.045370
5 0.647396 0.922222 0.022917 0.038889
5 0.655729 0.819444 0.018750 0.037037
5 0.610938 0.878704 0.017708 0.040741
6 0.545833 0.677778 0.017708 0.025926
0 0.556771 0.749074 0.014583 0.018519
0 0.425000 0.937500 0.019792 0.039815
2 0.381510 0.704630 0.020313 0.042593
0 0.422135 0.749537 0.014063 0.015741
0 0.275260 0.981481 0.013021 0.022222
6 0.059896 0.781944 0.018750 0.023148
0 0.030469 0.702778 0.019271 0.018519
0 0.077865 0.983796 0.017188 0.032407
2 0.827865 0.157870 0.026562 0.028704
