0 0.400000 0.850463 0.021875 0.034259
5 0.121875 0.753704 0.028125 0.037037
0 0.090625 0.667130 0.012500 0.021296
0 0.060937 0.832407 0.015625 0.024074
0 0.007292 0.480093 0.012500 0.012037
0 0.160677 0.590741 0.019271 0.022222
0 0.579688 0.511574 0.027083 0.028704
4 0.573177 0.536574 0.033854 0.021296
1 0.602344 0.487963 0.027604 0.051852
0 0.482292 0.404630 0.021875 0.029630
1 0.426042 0.432407 0.019792 0.025926
0 0.584896 0.596759 0.020833 0.037963
0 0.564844 0.488889 0.035937 0.035185
0 0.589063 0.427778 0.029167 0.068519
0 0.741146 0.311111 0.027083 0.057407
6 0.761719 0.313889 0.023438 0.044444
3 0.715365 0.197222 0.025521 0.031481
1 0.712240 0.324537 0.025521 0.039815
0 0.576302 0.225926 0.028646 0.044444
0 0.587240 0.256481 0.015104 0.027778
5 0.616927 0.280556 0.029687 0.066667
0 0.656250 0.211111 0.026042 0.053704
5 0.606771 0.142130 0.038542 0.071296
5 0.601562 0.634722 0.043750 0.076852
5 0.597917 0.756481 0.029167 0.046296
6 0.211719 0.323148 0.033854 0.048148
4 0.083073 0.294907 0.026562 0.032407
0 0.176302 0.166204 0.047396 0.036111
0 0.489323 0.104167 0.034896 0.034259
6 0.488542 0.165278 0.018750 0.036111
