6 0.379688 0.313889 0.012500 0.024074
6 0.395573 0.445833 0.021354 0.036111
6 0.303646 0.626389 0.015625 0.021296
0 0.354687 0.638889 0.032292 0.022222
5 0.439063 0.442593 0.018750 0.055556
2 0.492969 0.493981 0.036979 0.067593
2 0.543490 0.426389 0.052604 0.056481
6 0.608333 0.413889 0.021875 0.027778
5 0.583073 0.535185 0.018229 0.048148
0 0.576562 0.497222 0.014583 0.018519
0 0.646615 0.543519 0.020313 0.022222
0 0.640625 0.467130 0.012500 0.026852
0 0.642188 0.490278 0.012500 0.028704
0 0.504948 0.679630 0.011979 0.022222
6 0.496875 0.718981 0.012500 0.017593
0 0.509375 0.706944 0.008333 0.028704
6 0.444010 0.649537 0.010937 0.025000
0 0.542188 0.705093 0.011458 0.015741
6 0.315365 0.466667 0.013021 0.020370
0 0.575260 0.569907 0.009896 0.026852
0 0.462240 0.555556 0.010937 0.016667
6 0.653125 0.220370 0.012500 0.022222
0 0.373177 0.297685 0.011979 0.041667
4 0.302604 0.740741 0.033333 0.046296
5 0.334115 0.841204 0.042188 0.037963
0 0.442708 0.958796 0.012500 0.023148
0 0.442448 0.958796 0.015104 0.017593
0 0.450781 0.814815 0.016146 0.020370
0 0.578125 0.814352 0.015625 0.023148
0 0.362500 0.833333 0.017708 0.029630
0 0.987240 0.321296 0.018229 0.024074
