2 0.242188 0.600926 0.042708 0.051852
5 0.185677 0.742130 0.041146 0.050926
2 0.379427 0.972222 0.021354 0.035185
2 0.864583 0.491204 0.034375 0.062037
0 0.731250 0.321296 0.019792 0.044444
5 0.398698 0.280093 0.033854 0.045370
0 0.861198 0.723611 0.016146 0.025000
0 0.142448 0.540278 0.018229 0.026852
5 0.606250 0.896296 0.041667 0.074074
6 0.343750 0.925000 0.020833 0.046296
0 0.938542 0.343056 0.029167 0.037963
0 0.994271 0.361111 0.011458 0.018519
0 0.246875 0.684722 0.018750 0.030556
4 0.401302 0.173148 0.030729 0.020370
4 0.418229 0.090741 0.025000 0.035185
4 0.727083 0.205093 0.008333 0.043519
4 0.432292 0.927778 0.026042 0.038889
0 0.465104 0.955556 0.011458 0.024074
0 0.437240 0.807407 0.028646 0.074074
0 0.222656 0.371296 0.034896 0.018519
0 0.236719 0.373148 0.017188 0.022222
0 0.075781 0.105093 0.009896 0.013889
3 0.235417 0.376852 0.019792 0.033333
2 0.414583 0.662500 0.046875 0.062037
0 0.466667 0.950463 0.017708 0.030556
