2 0.453646 0.378704 0.027083 0.051852
3 0.440365 0.327778 0.030729 0.040741
5 0.466146 0.247685 0.035417 0.050926
0 0.480208 0.205556 0.027083 0.035185
0 0.486719 0.217593 0.023438 0.031481
0 0.491667 0.187963 0.020833 0.033333
6 0.655990 0.371296 0.025521 0.040741
3 0.762760 0.285185 0.025521 0.037037
3 0.699479 0.368519 0.022917 0.038889
5 0.573438 0.482870 0.031250 0.065741
0 0.535677 0.533333 0.019271 0.024074
0 0.485677 0.499537 0.036979 0.052778
0 0.522396 0.343056 0.013542 0.028704
2 0.588021 0.239352 0.033333 0.065741
0 0.620573 0.134259 0.019271 0.038889
0 0.636458 0.162963 0.019792 0.038889
0 0.767708 0.159722 0.046875 0.052778
5 0.631510 0.325000 0.021354 0.033333
3 0.595573 0.295370 0.014063 0.037037
0 0.524740 0.147222 0.030729 0.062963
5 0.532813 0.113426 0.033333 0.069444
0 0.955469 0.250926 0.024479 0.035185
6 0.690885 0.642593 0.038021 0.035185
5 0.625781 0.672222 0.032813 0.064815
0 0.589063 0.617130 0.027083 0.047222
0 0.590104 0.684722 0.025000 0.034259
2 0.517708 0.619444 0.042708 0.072222
0 0.472917 0.624537 0.035417 0.054630
6 0.665885 0.904630 0.030729 0.048148
3 0.558073 0.712500 0.019271 0.030556
0 0.567969 0.856019 0.023438 0.037963
6 0.565365 0.786111 0.029687 0.055556
3 0.536979 0.852315 0.025000 0.043519
0 0.517448 0.925463 0.019271 0.030556
2 0.109375 0.517130 0.042708 0.076852
6 0.239844 0.586574 0.032813 0.043519
0 0.330469 0.698148 0.015104 0.037037
2 0.269792 0.798611 0.048958 0.102778
0 0.325000 0.753704 0.027083 0.044444
0 0.172656 0.898148 0.017188 0.040741
0 0.206510 0.777315 0.039062 0.041667
0 0.157031 0.741204 0.044271 0.054630
0 0.000103 0.000915 0.000010 0.000044
0 0.223958 0.983333 0.018750 0.033333
0 0.014323 0.839815 0.025521 0.035185
0 0.012240 0.964815 0.024479 0.031481
6 0.091927 0.194444 0.023438 0.037037
0 0.050000 0.151389 0.017708 0.026852
0 0.405208 0.283333 0.022917 0.037037
0 0.463281 0.453241 0.017188 0.023148
0 0.446354 0.446759 0.018750 0.034259
0 0.533594 0.727315 0.015104 0.030556
5 0.602344 0.715741 0.032813 0.044444
0 0.571875 0.637963 0.021875 0.038889
0 0.480990 0.950463 0.021354 0.067593
0 0.000252 0.000909 0.000013 0.000055
3 0.516146 0.974537 0.017708 0.030556
0 0.886198 0.961111 0.016146 0.035185
