2 0.118490 0.442593 0.031771 0.038889
0 0.138802 0.516667 0.025521 0.022222
0 0.282031 0.369907 0.017188 0.034259
5 0.060156 0.375463 0.026562 0.034259
6 0.314323 0.395833 0.014063 0.015741
0 0.429688 0.264352 0.016667 0.023148
3 0.534115 0.835185 0.031771 0.037037
0 0.407552 0.643981 0.029687 0.049074
0 0.422656 0.673148 0.009896 0.016667
0 0.406250 0.682407 0.011458 0.024074
0 0.346615 0.641667 0.019271 0.040741
0 0.194271 0.801852 0.014583 0.022222
0 0.203385 0.834259 0.014063 0.016667
2 0.259115 0.927315 0.053646 0.089815
2 0.234115 0.818981 0.051562 0.080556
0 0.670052 0.183333 0.011979 0.027778
5 0.640885 0.158796 0.017188 0.028704
0 0.779427 0.218981 0.027604 0.037963
4 0.869531 0.262500 0.038021 0.019444
4 0.973177 0.278241 0.015104 0.025000
5 0.862500 0.350463 0.046875 0.030556
2 0.963802 0.436574 0.035937 0.039815
0 0.956250 0.391204 0.015625 0.019444
0 0.361719 0.853241 0.014063 0.026852
2 0.774740 0.747222 0.026562 0.046296
4 0.764844 0.928241 0.024479 0.025000
0 0.862760 0.926852 0.024479 0.031481
0 0.852344 0.653704 0.025521 0.033333
2 0.795573 0.888889 0.018229 0.046296
0 0.782552 0.853704 0.020313 0.024074
0 0.774740 0.873611 0.018229 0.021296
0 0.971354 0.779630 0.012500 0.018519
0 0.867188 0.650000 0.021875 0.027778
0 0.178385 0.770370 0.022396 0.018519
