0 0.784635 0.457870 0.024479 0.039815
6 0.578385 0.177778 0.021354 0.037037
5 0.099219 0.763889 0.028646 0.038889
2 0.385937 0.524537 0.030208 0.056481
6 0.876563 0.328241 0.023958 0.034259
2 0.463021 0.955093 0.038542 0.049074
0 0.431510 0.635648 0.028646 0.025000
5 0.922135 0.501389 0.035937 0.036111
0 0.689844 0.838889 0.016146 0.046296
0 0.851302 0.554167 0.017188 0.021296
5 0.705729 0.906944 0.038542 0.037963
6 0.818750 0.224537 0.030208 0.049074
0 0.263542 0.834722 0.014583 0.028704
6 0.030208 0.361574 0.018750 0.025000
