0 0.339844 0.163426 0.025521 0.026852
0 0.347135 0.098148 0.019271 0.033333
6 0.409375 0.195370 0.019792 0.042593
0 0.374479 0.280556 0.032292 0.029630
0 0.347396 0.314352 0.012500 0.026852
0 0.390885 0.343056 0.016146 0.023148
6 0.382552 0.567130 0.022396 0.043519
0 0.388281 0.619907 0.020313 0.043519
2 0.380469 0.641667 0.027604 0.031481
0 0.338021 0.881944 0.008333 0.021296
0 0.365365 0.710185 0.013021 0.014815
0 0.877344 0.527778 0.024479 0.033333
0 0.938802 0.590278 0.025521 0.041667
0 0.791667 0.260648 0.030208 0.039815
0 0.414583 0.338889 0.027083 0.077778
2 0.423177 0.364352 0.013021 0.030556
0 0.457552 0.366204 0.007812 0.013889
0 0.465625 0.350000 0.017708 0.018519
5 0.455469 0.391667 0.023438 0.027778
4 0.317448 0.433796 0.034896 0.039815
4 0.323437 0.574074 0.012500 0.037037
5 0.502344 0.363889 0.016146 0.059259
5 0.510938 0.438426 0.033333 0.067593
0 0.492188 0.369444 0.020833 0.025926
4 0.492708 0.312963 0.032292 0.011111
0 0.610677 0.158796 0.034896 0.028704
0 0.371094 0.056944 0.005729 0.028704
0 0.763802 0.868519 0.017188 0.042593
0 0.954948 0.673148 0.021354 0.012963
0 0.994531 0.681481 0.010937 0.018519
0 0.552604 0.528704 0.026042 0.031481
2 0.870313 0.352315 0.046875 0.063889
2 0.721354 0.722685 0.046875 0.104630
