6 0.581250 0.539352 0.033333 0.058333
5 0.643750 0.234722 0.038542 0.047222
0 0.431771 0.390741 0.018750 0.027778
5 0.648698 0.950000 0.033854 0.070370
6 0.342187 0.953241 0.014583 0.034259
5 0.218229 0.262500 0.031250 0.041667
5 0.660156 0.566667 0.019271 0.031481
0 0.780729 0.888426 0.013542 0.039815
4 0.163281 0.735185 0.021354 0.024074
5 0.745573 0.456944 0.042188 0.073148
6 0.634375 0.354630 0.013542 0.031481
0 0.612500 0.378241 0.010417 0.023148
0 0.636979 0.455093 0.018750 0.028704
4 0.630990 0.642593 0.040104 0.035185
0 0.658854 0.748611 0.013542 0.028704
0 0.608073 0.743981 0.022396 0.037963
0 0.255729 0.715741 0.021875 0.044444
0 0.284375 0.204630 0.023958 0.037037
5 0.062240 0.220370 0.032813 0.046296
3 0.925521 0.850926 0.021875 0.035185
0 0.935937 0.771296 0.034375 0.025926
2 0.114062 0.488426 0.061458 0.115741
5 0.609896 0.741204 0.019792 0.028704
0 0.262760 0.706944 0.020313 0.028704
0 0.214583 0.145833 0.012500 0.019444
0 0.226562 0.137500 0.014583 0.017593
