6 0.326823 0.226852 0.017188 0.064815
6 0.516927 0.404167 0.021354 0.037963
5 0.486198 0.285648 0.021354 0.050926
5 0.511979 0.260648 0.016667 0.041667
4 0.317969 0.297222 0.020313 0.014815
6 0.276302 0.195833 0.022396 0.037963
5 0.584375 0.150463 0.034375 0.054630
0 0.307552 0.525926 0.014063 0.025926
0 0.270052 0.662037 0.026562 0.046296
7 0.379688 0.627778 0.007292 0.011111
5 0.298177 0.589815 0.031771 0.062963
0 0.296094 0.756944 0.013021 0.025000
6 0.729688 0.600463 0.019792 0.030556
5 0.794271 0.424074 0.027083 0.050000
0 0.710156 0.192130 0.016146 0.030556
6 0.630990 0.560185 0.015104 0.024074
6 0.549219 0.638889 0.021354 0.040741
2 0.922135 0.633796 0.045312 0.063889
