2 0.669271 0.448148 0.041667 0.075926
9 0.586979 0.375000 0.019792 0.037037
0 0.755729 0.280093 0.026042 0.045370
2 0.454427 0.700463 0.026562 0.050926
0 0.472135 0.584259 0.011979 0.022222
0 0.659896 0.816667 0.013542 0.029630
0 0.376042 0.907870 0.015625 0.025000
0 0.378906 0.612963 0.023438 0.040741
0 0.217188 0.144444 0.012500 0.020370
2 0.061719 0.593056 0.044271 0.056481
0 0.106771 0.585185 0.017708 0.027778
0 0.119010 0.671296 0.020313 0.025926
0 0.008333 0.916204 0.016667 0.026852
0 0.030729 0.409722 0.018750 0.019444
