0 0.228125 0.755556 0.007812 0.020370
0 0.309115 0.858796 0.012500 0.025000
2 0.057813 0.430556 0.017188 0.051852
6 0.016406 0.193519 0.009896 0.025000
2 0.057031 0.346759 0.017708 0.039815
0 0.038802 0.552315 0.008333 0.024074
0 0.285677 0.995370 0.010937 0.009259
0 0.312240 0.907407 0.011458 0.014815
6 0.826302 0.942593 0.008854 0.019444
0 0.824219 0.726852 0.010417 0.014815
0 0.985677 0.770370 0.005208 0.017593
4 0.979948 0.737963 0.014063 0.025000
0 0.868490 0.548148 0.012500 0.021296
0 0.926042 0.507870 0.008333 0.013889
0 0.921094 0.537500 0.010937 0.025000
5 0.765365 0.176852 0.007812 0.040741
6 0.905469 0.194907 0.019792 0.016667
0 0.808594 0.196759 0.014063 0.025000
5 0.861198 0.508333 0.010937 0.053704
