6 0.696094 0.699537 0.019271 0.030556
6 0.742448 0.601389 0.019271 0.032407
0 0.358333 0.400463 0.016667 0.028704
2 0.513802 0.821759 0.043229 0.087963
6 0.785156 0.538889 0.022396 0.042593
2 0.280208 0.319444 0.032292 0.048148
0 0.594271 0.345833 0.023958 0.037963
0 0.430729 0.743056 0.021875 0.050926
0 0.314844 0.208333 0.019271 0.031481
0 0.924740 0.431481 0.030729 0.050000
6 0.640625 0.802315 0.023958 0.047222
2 0.502604 0.875000 0.026042 0.050000
5 0.690365 0.973611 0.024479 0.041667
2 0.978646 0.369907 0.028125 0.039815
2 0.675260 0.871759 0.035937 0.052778
0 0.978125 0.804167 0.018750 0.026852
2 0.631250 0.756944 0.027083 0.062037
2 0.841927 0.561111 0.028646 0.044444
4 0.294792 0.403704 0.028125 0.031481
0 0.312500 0.393519 0.020833 0.031481
0 0.411979 0.411111 0.020833 0.042593
6 0.095573 0.276389 0.024479 0.036111
0 0.542708 0.414815 0.030208 0.055556
0 0.505208 0.378241 0.018750 0.032407
