0 0.902083 0.478241 0.021875 0.030556
0 0.430208 0.099074 0.030208 0.040741
6 0.697135 0.612500 0.025521 0.041667
6 0.366146 0.583796 0.026042 0.041667
2 0.476562 0.234259 0.019792 0.044444
2 0.403646 0.819444 0.038542 0.048148
2 0.671875 0.402778 0.023958 0.050000
0 0.586458 0.124537 0.016667 0.032407
0 0.713021 0.445370 0.027083 0.037037
0 0.479167 0.741204 0.014583 0.030556
6 0.388021 0.444907 0.020833 0.034259
2 0.516927 0.538889 0.028646 0.068519
0 0.834635 0.980093 0.017188 0.036111
0 0.511979 0.431944 0.032292 0.071296
6 0.518229 0.467593 0.029167 0.055556
6 0.395052 0.503241 0.024479 0.060185
0 0.742188 0.498611 0.039583 0.045370
3 0.566146 0.200000 0.022917 0.050000
0 0.552604 0.667130 0.026042 0.045370
6 0.663542 0.714815 0.034375 0.051852
3 0.837500 0.197222 0.033333 0.048148
2 0.000516 0.000649 0.000021 0.000046
5 0.936979 0.720833 0.026042 0.049074
5 0.958854 0.716204 0.029167 0.037963
5 0.611719 0.899074 0.041146 0.059259
