5 0.554167 0.852778 0.021875 0.046296
0 0.271875 0.637500 0.019792 0.030556
0 0.241406 0.400463 0.025521 0.041667
0 0.302344 0.861111 0.010937 0.022222
5 0.000248 0.000919 0.000013 0.000095
0 0.446875 0.422685 0.017708 0.026852
4 0.456250 0.050000 0.028125 0.027778
4 0.369010 0.145833 0.017188 0.060185
0 0.454948 0.292593 0.027604 0.037037
0 0.384375 0.477315 0.030208 0.028704
5 0.317188 0.586111 0.035417 0.061111
5 0.326823 0.566204 0.018229 0.034259
6 0.416667 0.933333 0.014583 0.022222
5 0.946875 0.543519 0.030208 0.048148
4 0.836719 0.501389 0.006771 0.045370
