5 0.835417 0.467593 0.045833 0.057407
5 0.981250 0.600926 0.025000 0.037037
2 0.699219 0.663889 0.027604 0.055556
0 0.796094 0.709259 0.021354 0.033333
6 0.441667 0.383796 0.023958 0.036111
3 0.384375 0.985648 0.015625 0.028704
2 0.425000 0.332407 0.022917 0.029630
0 0.302604 0.516667 0.021875 0.031481
0 0.292708 0.528241 0.020833 0.025000
0 0.286979 0.499074 0.015625 0.024074
2 0.431250 0.588426 0.027083 0.036111
0 0.489844 0.707870 0.010937 0.019444
0 0.479167 0.785648 0.010417 0.017593
4 0.821354 0.843981 0.029167 0.013889
0 0.850781 0.721759 0.021354 0.037963
0 0.994531 0.667130 0.010937 0.019444
0 0.814844 0.654167 0.011979 0.021296
0 0.823958 0.669907 0.015625 0.017593
3 0.407813 0.269444 0.015625 0.022222
5 0.325260 0.357407 0.069271 0.057407
5 0.318229 0.384722 0.017708 0.034259
0 0.290365 0.318056 0.018229 0.021296
2 0.060156 0.150463 0.015104 0.023148
4 0.261719 0.822222 0.033854 0.020370
