6 0.596354 0.331944 0.012500 0.019444
3 0.704688 0.324074 0.020833 0.022222
0 0.641406 0.532870 0.015104 0.015741
0 0.669531 0.538426 0.015104 0.025000
0 0.774740 0.334722 0.019271 0.025000
4 0.719531 0.224074 0.035937 0.020370
0 0.707552 0.258796 0.027604 0.049074
6 0.728385 0.250926 0.013021 0.020370
0 0.763542 0.252315 0.017708 0.025000
6 0.781250 0.237500 0.033333 0.028704
6 0.937500 0.530093 0.022917 0.021296
2 0.847917 0.579167 0.020833 0.047222
2 0.929948 0.693981 0.025521 0.047222
2 0.932292 0.644907 0.039583 0.062037
4 0.896094 0.663889 0.016146 0.035185
2 0.981250 0.722222 0.029167 0.024074
0 0.843750 0.851389 0.017708 0.021296
5 0.729688 0.801389 0.021875 0.062037
6 0.747135 0.848148 0.016146 0.033333
5 0.760938 0.903704 0.015625 0.061111
0 0.815365 0.920833 0.015104 0.025000
6 0.448698 0.782870 0.017188 0.028704
