0 0.083854 0.962500 0.005729 0.013889
6 0.229948 0.906481 0.007812 0.024074
5 0.321094 0.842593 0.026562 0.035185
0 0.005469 0.566667 0.005729 0.014815
4 0.033854 0.496296 0.005208 0.024074
4 0.080729 0.463426 0.005729 0.024074
4 0.272917 0.501389 0.005208 0.034259
0 0.474219 0.174074 0.012500 0.023148
0 0.499479 0.168056 0.016667 0.025926
0 0.493229 0.207407 0.018229 0.068519
0 0.512240 0.205093 0.010937 0.031481
5 0.489583 0.256944 0.011979 0.026852
0 0.563542 0.308796 0.009896 0.017593
0 0.467708 0.446296 0.010417 0.048148
4 0.545573 0.386574 0.011458 0.056481
6 0.615625 0.435648 0.011979 0.045370
5 0.592448 0.511111 0.019271 0.043519
6 0.613021 0.529630 0.020313 0.021296
0 0.595573 0.584722 0.017708 0.039815
4 0.620052 0.667593 0.012500 0.048148
5 0.378906 0.843981 0.029167 0.056481
5 0.439844 0.834722 0.030729 0.064815
5 0.523438 0.915278 0.031771 0.027778
0 0.577604 0.871759 0.005729 0.052778
0 0.610677 0.937500 0.015104 0.022222
0 0.635417 0.854167 0.010417 0.024074
4 0.703646 0.746296 0.005208 0.052778
0 0.659375 0.692130 0.017708 0.011111
2 0.910937 0.408333 0.023438 0.061111
5 0.635156 0.186574 0.022917 0.025000
0 0.683594 0.082870 0.007812 0.022222
0 0.335677 0.625000 0.015625 0.024074
