0 0.011719 0.792593 0.005729 0.024074
5 0.072396 0.946296 0.013021 0.033333
5 0.031510 0.812500 0.009896 0.023148
5 0.189323 0.867130 0.014063 0.036111
5 0.236719 0.894444 0.015104 0.066667
5 0.222917 0.725463 0.010937 0.026852
0 0.236458 0.820370 0.020313 0.011111
0 0.194271 0.593981 0.012500 0.021296
0 0.105469 0.579167 0.011458 0.026852
0 0.106510 0.623611 0.013021 0.027778
0 0.129167 0.585185 0.012500 0.034259
0 0.129948 0.547685 0.010417 0.036111
0 0.179167 0.562500 0.010417 0.029630
0 0.111979 0.496759 0.011979 0.032407
6 0.100521 0.404630 0.008854 0.024074
6 0.132031 0.358796 0.013021 0.024074
6 0.151042 0.286111 0.006250 0.017593
0 0.119271 0.245833 0.004687 0.008333
5 0.198177 0.233333 0.017188 0.040741
6 0.237500 0.271296 0.010937 0.052778
0 0.142969 0.128704 0.015625 0.020370
0 0.217448 0.173611 0.008333 0.029630
0 0.142448 0.409259 0.006250 0.025000
0 0.273438 0.297685 0.003125 0.019444
0 0.423958 0.307407 0.006250 0.014815
6 0.445052 0.480093 0.029687 0.027778
0 0.292969 0.430556 0.011458 0.016667
5 0.312500 0.663426 0.015104 0.031481
0 0.270313 0.586574 0.008333 0.018519
2 0.350521 0.806944 0.024479 0.028704
5 0.270052 0.825926 0.013542 0.029630
0 0.304688 0.795370 0.007292 0.019444
2 0.354948 0.869444 0.032813 0.077778
5 0.364063 0.952778 0.016667 0.037963
0 0.717969 0.982407 0.020833 0.021296
0 0.779948 0.956019 0.013542 0.024074
