2 0.663542 0.850000 0.043750 0.070370
5 0.257552 0.237037 0.021354 0.038889
0 0.488021 0.127315 0.021875 0.034259
6 0.965885 0.326389 0.025521 0.032407
0 0.794531 0.964815 0.024479 0.053704
5 0.411719 0.931944 0.019271 0.039815
5 0.598437 0.211111 0.033333 0.048148
5 0.485677 0.982870 0.019271 0.034259
5 0.883073 0.916667 0.026562 0.024074
6 0.618229 0.804630 0.021875 0.046296
0 0.180208 0.328704 0.015625 0.027778
4 0.395313 0.129167 0.026042 0.052778
0 0.399479 0.222685 0.019792 0.034259
0 0.677344 0.232870 0.011979 0.019444
5 0.413021 0.374074 0.017708 0.038889
0 0.433073 0.199074 0.019271 0.033333
0 0.290885 0.430093 0.014063 0.028704
0 0.283854 0.328241 0.011458 0.032407
0 0.471615 0.641667 0.016146 0.044444
0 0.690104 0.762037 0.019792 0.059259
0 0.351302 0.553704 0.010937 0.025926
0 0.238542 0.937037 0.019792 0.027778
0 0.300260 0.829630 0.015104 0.033333
0 0.427083 0.852315 0.013542 0.036111
5 0.389844 0.935185 0.027604 0.040741
2 0.829167 0.596296 0.046875 0.062963
0 0.606771 0.775463 0.040625 0.041667
0 0.428125 0.850926 0.016667 0.037037
0 0.268490 0.740741 0.008854 0.014815
5 0.232813 0.099074 0.030208 0.027778
