3 0.309635 0.177778 0.026562 0.048148
6 0.323698 0.324074 0.027604 0.038889
0 0.405990 0.131944 0.010937 0.030556
2 0.258854 0.107870 0.032292 0.087963
5 0.458854 0.132870 0.023958 0.049074
0 0.444531 0.156481 0.013021 0.022222
0 0.153646 0.281944 0.013542 0.019444
6 0.144531 0.376389 0.017188 0.028704
0 0.111719 0.251852 0.017188 0.024074
2 0.499740 0.204167 0.020313 0.047222
0 0.639844 0.167593 0.015104 0.025926
6 0.843750 0.600000 0.020833 0.048148
5 0.835156 0.589815 0.030729 0.031481
2 0.848958 0.788889 0.042708 0.057407
5 0.896354 0.820370 0.029167 0.048148
0 0.974219 0.962500 0.032813 0.058333
2 0.743750 0.945833 0.022917 0.041667
2 0.666667 0.740741 0.021875 0.037037
6 0.564323 0.741204 0.019271 0.028704
0 0.434635 0.875000 0.016146 0.024074
5 0.375260 0.906944 0.025521 0.058333
4 0.368750 0.820370 0.015625 0.038889
0 0.423698 0.905556 0.010937 0.016667
0 0.433333 0.951852 0.010417 0.018519
0 0.035937 0.562037 0.020833 0.027778
