6 0.087240 0.342593 0.005729 0.021296
6 0.206250 0.164352 0.018229 0.036111
0 0.262240 0.118056 0.006250 0.023148
0 0.378646 0.184722 0.013021 0.020370
4 0.107292 0.562500 0.006771 0.042593
4 0.214844 0.706019 0.013021 0.044444
2 0.346094 0.853704 0.035417 0.065741
0 0.113281 0.855556 0.009896 0.033333
6 0.129948 0.975926 0.011458 0.027778
0 0.110156 0.712037 0.009375 0.030556
0 0.101042 0.863889 0.015104 0.017593
0 0.314844 0.744907 0.007812 0.020370
6 0.458333 0.394444 0.027083 0.046296
6 0.662760 0.565741 0.016667 0.027778
5 0.529427 0.947685 0.031250 0.015741
0 0.420573 0.543981 0.009896 0.014815
0 0.113542 0.488889 0.007292 0.014815
