6 0.528646 0.262963 0.014583 0.029630
6 0.553906 0.523611 0.025521 0.041667
5 0.694792 0.601389 0.038542 0.054630
0 0.706510 0.455093 0.013021 0.023148
6 0.890104 0.392130 0.021875 0.030556
5 0.985677 0.584722 0.028646 0.036111
0 0.885156 0.569907 0.011979 0.023148
0 0.831771 0.667130 0.015625 0.021296
5 0.852865 0.685185 0.039062 0.029630
0 0.908594 0.696759 0.011979 0.015741
5 0.880729 0.909259 0.014583 0.025926
0 0.866406 0.931481 0.011979 0.020370
0 0.552865 0.961574 0.023438 0.021296
6 0.422656 0.976852 0.020313 0.037037
6 0.322656 0.675000 0.019271 0.025926
