5 0.134896 0.318981 0.025000 0.034259
0 0.177604 0.220370 0.010417 0.025926
2 0.205729 0.385185 0.053125 0.070370
2 0.206250 0.558333 0.021875 0.035185
2 0.101042 0.698148 0.037500 0.061111
0 0.290625 0.636111 0.008333 0.020370
5 0.688281 0.747685 0.032813 0.030556
2 0.722656 0.793519 0.033854 0.055556
4 0.700521 0.813889 0.011458 0.018519
5 0.840104 0.963889 0.034375 0.050000
6 0.838281 0.636574 0.014063 0.021296
3 0.842187 0.686111 0.018750 0.016667
6 0.812760 0.641667 0.029687 0.037037
6 0.833594 0.571759 0.020313 0.023148
6 0.821094 0.426852 0.028646 0.037037
6 0.792448 0.380093 0.026562 0.039815
5 0.731771 0.354167 0.035417 0.047222
4 0.840885 0.343056 0.024479 0.030556
6 0.912760 0.369444 0.017188 0.027778
0 0.925521 0.415741 0.016667 0.022222
0 0.908073 0.530093 0.029687 0.049074
0 0.781510 0.290741 0.014063 0.024074
0 0.618229 0.143981 0.025000 0.043519
0 0.598698 0.091204 0.008854 0.030556
0 0.608073 0.544444 0.014063 0.029630
4 0.412500 0.769444 0.030208 0.059259
0 0.755990 0.702315 0.021354 0.028704
