5 0.320052 0.188426 0.024479 0.054630
5 0.287760 0.257870 0.015104 0.050000
5 0.540365 0.273148 0.017708 0.050926
6 0.508594 0.262500 0.006771 0.023148
0 0.280729 0.597222 0.015104 0.027778
0 0.278906 0.622222 0.013542 0.034259
4 0.315365 0.593056 0.028646 0.017593
3 0.383073 0.750463 0.011458 0.017593
4 0.404427 0.737500 0.008333 0.020370
6 0.471094 0.871296 0.008333 0.026852
5 0.433854 0.915278 0.023958 0.032407
6 0.409115 0.785185 0.008854 0.025926
4 0.433854 0.737037 0.016146 0.022222
0 0.358073 0.746759 0.007812 0.028704
5 0.465885 0.593519 0.015104 0.022222
6 0.573177 0.660648 0.010937 0.021296
0 0.545052 0.393056 0.012500 0.026852
0 0.557813 0.407870 0.021354 0.021296
0 0.464844 0.993981 0.029167 0.012037
5 0.845573 0.870833 0.019271 0.027778
5 0.837240 0.835648 0.015625 0.047222
0 0.644010 0.674074 0.010417 0.024074
6 0.678385 0.431481 0.015625 0.028704
5 0.694271 0.293056 0.029687 0.026852
6 0.678125 0.266667 0.013021 0.024074
6 0.912500 0.283796 0.015625 0.023148
3 0.849479 0.255093 0.013542 0.014815
6 0.651042 0.095833 0.007812 0.035185
0 0.233594 0.418519 0.008333 0.025000
0 0.232031 0.491204 0.007812 0.017593
0 0.247135 0.410648 0.008854 0.020370
