2 0.525781 0.312963 0.026562 0.038889
2 0.420052 0.434722 0.016146 0.041667
2 0.806510 0.369907 0.044271 0.047222
5 0.803385 0.642593 0.035937 0.051852
0 0.869010 0.761111 0.019271 0.025926
0 0.964583 0.734722 0.012500 0.019444
0 0.840885 0.941204 0.011979 0.023148
0 0.829167 0.945370 0.013542 0.022222
5 0.695312 0.947685 0.027083 0.026852
5 0.673698 0.981481 0.018229 0.027778
0 0.591667 0.964815 0.020833 0.022222
0 0.452344 0.843056 0.023438 0.026852
0 0.480990 0.822222 0.014063 0.018519
6 0.412240 0.604630 0.015104 0.035185
