5 0.543750 0.481019 0.039583 0.041667
5 0.491667 0.358333 0.038542 0.042593
5 0.630469 0.573611 0.030729 0.076852
5 0.652604 0.604630 0.029167 0.066667
5 0.547135 0.637037 0.027604 0.038889
0 0.350521 0.576852 0.028125 0.020370
0 0.586458 0.409722 0.013542 0.023148
0 0.609375 0.378241 0.015625 0.036111
0 0.461198 0.334259 0.021354 0.044444
2 0.683073 0.088889 0.027604 0.038889
5 0.469792 0.239352 0.029167 0.084259
6 0.522135 0.224537 0.021354 0.026852
5 0.365625 0.091204 0.046875 0.071296
6 0.389323 0.144444 0.030729 0.040741
5 0.405208 0.116667 0.031250 0.037037
6 0.846094 0.606481 0.019271 0.027778
6 0.843750 0.750000 0.028125 0.025926
5 0.882031 0.771296 0.026562 0.029630
4 0.744271 0.860648 0.025000 0.054630
5 0.507031 0.969907 0.027604 0.037963
5 0.472396 0.781019 0.020833 0.036111
0 0.553385 0.870370 0.017188 0.025926
5 0.492969 0.869444 0.038021 0.066667
5 0.350781 0.734722 0.024479 0.034259
6 0.289323 0.660648 0.019271 0.036111
6 0.332292 0.822685 0.027083 0.025000
2 0.180990 0.822222 0.026562 0.046296
3 0.143750 0.690741 0.019792 0.027778
0 0.496094 0.280556 0.016146 0.020370
0 0.784375 0.314815 0.015625 0.037037
5 0.982292 0.761574 0.017708 0.030556
0 0.987240 0.726389 0.021354 0.032407
0 0.918490 0.791204 0.019271 0.025000
0 0.107552 0.282407 0.021354 0.031481
2 0.866146 0.434722 0.027083 0.025000
0 0.932552 0.860185 0.013021 0.014815
0 0.000371 0.000913 0.000011 0.000055
0 0.725000 0.926389 0.020833 0.030556
0 0.595573 0.991204 0.009896 0.017593
2 0.955729 0.645833 0.026042 0.032407
0 0.940365 0.687963 0.011979 0.018519
0 0.990365 0.503241 0.014063 0.023148
0 0.641406 0.175926 0.015104 0.020370
0 0.897396 0.764352 0.011458 0.021296
0 0.717969 0.096296 0.018229 0.024074
0 0.533073 0.368981 0.021354 0.052778
0 0.532031 0.424074 0.008854 0.020370
