2 0.637760 0.657407 0.055729 0.074074
6 0.611458 0.346296 0.036458 0.051852
2 0.630208 0.970370 0.029167 0.059259
5 0.418750 0.514815 0.020833 0.037037
0 0.040104 0.472685 0.027083 0.030556
0 0.604167 0.897222 0.019792 0.035185
5 0.868229 0.310185 0.038542 0.035185
0 0.472917 0.630556 0.014583 0.029630
4 0.086979 0.438426 0.019792 0.023148
5 0.644010 0.289815 0.035937 0.044444
2 0.844792 0.919444 0.060417 0.087037
2 0.660677 0.568519 0.044271 0.062963
0 0.732031 0.154630 0.019271 0.044444
5 0.753125 0.980093 0.020833 0.034259
0 0.906250 0.488889 0.019792 0.040741
2 0.913542 0.532407 0.032292 0.044444
0 0.842708 0.479630 0.018750 0.020370
0 0.782813 0.316667 0.022917 0.020370
0 0.802344 0.353241 0.014063 0.019444
0 0.621615 0.249537 0.018229 0.041667
2 0.562500 0.256944 0.031250 0.145370
0 0.674740 0.150463 0.021354 0.028704
2 0.618490 0.426389 0.035937 0.071296
5 0.639844 0.405556 0.017188 0.061111
0 0.655469 0.490741 0.017188 0.035185
0 0.677604 0.518056 0.020833 0.019444
0 0.608854 0.488426 0.012500 0.025000
0 0.807552 0.705093 0.020313 0.047222
0 0.818750 0.723148 0.034375 0.033333
4 0.787760 0.684259 0.032813 0.033333
0 0.819010 0.791204 0.074479 0.034259
3 0.771094 0.813426 0.018229 0.026852
2 0.735677 0.850463 0.050521 0.097222
2 0.743229 0.912037 0.043750 0.077778
0 0.726042 0.520833 0.014583 0.015741
0 0.633073 0.581019 0.017188 0.025000
0 0.472135 0.633333 0.011979 0.031481
0 0.764323 0.458333 0.019271 0.035185
