5 0.107813 0.906481 0.013542 0.030556
0 0.123698 0.932407 0.014063 0.030556
2 0.198958 0.926852 0.019271 0.041667
0 0.115885 0.977778 0.007292 0.012037
7 0.186198 0.814352 0.008333 0.013889
5 0.114323 0.519907 0.014583 0.034259
0 0.135677 0.575463 0.008333 0.015741
5 0.106771 0.548148 0.013542 0.028704
0 0.109896 0.498611 0.008333 0.019444
6 0.051302 0.417130 0.005208 0.027778
0 0.120833 0.356019 0.010937 0.026852
8 0.159896 0.317593 0.010417 0.022222
6 0.134375 0.296759 0.011458 0.026852
0 0.025260 0.322222 0.009896 0.023148
0 0.083333 0.349537 0.013542 0.028704
0 0.010156 0.248611 0.007292 0.037963
0 0.073177 0.646759 0.004687 0.019444
0 0.012760 0.668519 0.005208 0.017593
0 0.014063 0.758333 0.007292 0.033333
0 0.013542 0.889352 0.004687 0.017593
5 0.010417 0.965741 0.011979 0.026852
4 0.143750 0.938889 0.009375 0.038889
5 0.418229 0.987037 0.015625 0.025926
5 0.349740 0.963426 0.009896 0.021296
0 0.222135 0.964352 0.021354 0.036111
0 0.170833 0.992130 0.025521 0.015741
0 0.792188 0.204167 0.011979 0.019444
