2 0.486198 0.141204 0.027604 0.062037
5 0.382292 0.118519 0.016667 0.033333
0 0.265365 0.244907 0.015104 0.019444
0 0.465885 0.449074 0.018229 0.029630
0 0.475000 0.436111 0.013542 0.018519
4 0.497135 0.187500 0.027604 0.041667
0 0.420312 0.087963 0.017708 0.020370
3 0.310677 0.143519 0.013021 0.022222
5 0.926562 0.223611 0.039583 0.036111
0 0.959896 0.229630 0.017708 0.016667
0 0.889062 0.235648 0.029167 0.030556
6 0.856250 0.341204 0.019792 0.028704
2 0.946875 0.381019 0.036458 0.047222
5 0.960156 0.343519 0.030729 0.037037
5 0.927865 0.529167 0.030729 0.036111
0 0.957812 0.649537 0.031250 0.028704
2 0.845052 0.613426 0.066146 0.073148
2 0.792969 0.600463 0.036979 0.056481
0 0.795573 0.604167 0.015104 0.036111
3 0.770573 0.656019 0.027604 0.036111
0 0.875781 0.758333 0.027604 0.029630
0 0.882031 0.951852 0.036979 0.040741
0 0.989583 0.912963 0.018750 0.024074
0 0.887500 0.812037 0.018750 0.024074
0 0.799479 0.683333 0.022917 0.031481
0 0.663281 0.821759 0.011979 0.019444
0 0.958333 0.508796 0.027083 0.019444
6 0.833594 0.412500 0.013021 0.023148
2 0.178646 0.685648 0.031250 0.047222
5 0.135677 0.235185 0.027604 0.027778
0 0.015104 0.266667 0.029167 0.025926
0 0.196875 0.437037 0.016667 0.016667
0 0.133073 0.416204 0.016146 0.017593
5 0.127604 0.558796 0.035417 0.054630
0 0.123438 0.607407 0.029167 0.044444
0 0.120313 0.638426 0.021875 0.050926
0 0.128646 0.669444 0.018750 0.024074
0 0.125000 0.729630 0.016667 0.020370
7 0.156771 0.760648 0.014583 0.026852
0 0.035417 0.712963 0.015625 0.029630
0 0.170052 0.828241 0.022396 0.043519
4 0.174479 0.987037 0.014583 0.025926
0 0.299219 0.892593 0.009896 0.024074
0 0.341406 0.887963 0.018229 0.022222
0 0.346354 0.889815 0.013542 0.022222
0 0.051302 0.958796 0.018229 0.026852
0 0.011979 0.881944 0.022917 0.017593
0 0.013021 0.834259 0.014583 0.020370
0 0.024479 0.540278 0.031250 0.023148
0 0.032552 0.474074 0.017188 0.033333
0 0.013542 0.456481 0.022917 0.029630
0 0.860938 0.942593 0.016667 0.024074
