0 0.427604 0.487500 0.026042 0.054630
0 0.523958 0.587500 0.033333 0.039815
6 0.167187 0.691204 0.015625 0.023148
5 0.911979 0.925000 0.023958 0.042593
5 0.950521 0.910185 0.051042 0.053704
0 0.874479 0.948148 0.016667 0.029630
0 0.325781 0.836574 0.015104 0.032407
0 0.812760 0.374074 0.025521 0.044444
0 0.000527 0.000374 0.000031 0.000031
2 0.986719 0.599074 0.026562 0.027778
4 0.551823 0.663426 0.024479 0.030556
6 0.455990 0.772222 0.017188 0.029630
3 0.233854 0.427315 0.019792 0.032407
5 0.203125 0.398148 0.028125 0.051852
