0 0.266146 0.189815 0.011458 0.018519
0 0.252344 0.352315 0.018229 0.034259
6 0.430990 0.060648 0.028646 0.036111
2 0.492188 0.281944 0.041667 0.076852
0 0.503646 0.243981 0.016667 0.030556
2 0.442969 0.190741 0.035937 0.068519
0 0.447135 0.363426 0.017188 0.026852
6 0.646094 0.175926 0.016146 0.027778
2 0.718229 0.101852 0.025000 0.050000
1 0.557552 0.358796 0.014063 0.025000
0 0.557292 0.309259 0.011458 0.014815
6 0.519531 0.543981 0.022396 0.054630
5 0.589583 0.458333 0.039583 0.040741
0 0.477344 0.589352 0.017188 0.034259
3 0.653125 0.500463 0.019792 0.021296
0 0.405990 0.393981 0.015104 0.025000
0 0.401302 0.397222 0.021354 0.029630
2 0.718229 0.450926 0.022917 0.048148
0 0.858594 0.595833 0.025521 0.021296
0 0.673177 0.370370 0.014063 0.018519
0 0.955208 0.455556 0.015625 0.018519
6 0.953385 0.640278 0.017188 0.023148
5 0.972917 0.595370 0.016667 0.025926
0 0.811458 0.677778 0.016667 0.018519
0 0.937500 0.680093 0.011458 0.019444
5 0.991146 0.634259 0.017708 0.029630
0 0.978906 0.798611 0.023438 0.039815
5 0.889323 0.906481 0.033854 0.042593
5 0.931250 0.972222 0.019792 0.031481
0 0.000493 0.000925 0.000004 0.000027
5 0.740365 0.789815 0.033854 0.033333
6 0.514844 0.882407 0.018229 0.035185
5 0.515365 0.939815 0.032813 0.051852
6 0.587240 0.709259 0.018229 0.048148
5 0.574740 0.662037 0.021354 0.025926
3 0.489323 0.649074 0.017188 0.025926
0 0.664844 0.794444 0.019271 0.022222
0 0.601823 0.902778 0.019271 0.027778
0 0.586458 0.900000 0.021875 0.033333
0 0.544792 0.692593 0.014583 0.029630
0 0.523438 0.675000 0.023958 0.037037
2 0.488542 0.795370 0.033333 0.040741
5 0.385937 0.904630 0.039583 0.059259
5 0.319792 0.768519 0.020833 0.025926
0 0.238542 0.761111 0.014583 0.024074
0 0.313542 0.665741 0.009375 0.016667
0 0.420052 0.918981 0.023438 0.030556
0 0.418490 0.901389 0.014063 0.023148
0 0.458333 0.866204 0.010417 0.019444
0 0.327344 0.916667 0.019271 0.027778
0 0.318490 0.953704 0.018229 0.031481
2 0.782031 0.217130 0.029687 0.041667
0 0.474219 0.123611 0.017188 0.025000
