0 0.636979 0.791667 0.017708 0.042593
6 0.286458 0.618981 0.019792 0.021296
2 0.628646 0.311574 0.014583 0.026852
0 0.103385 0.825463 0.017188 0.036111
4 0.160938 0.879630 0.039583 0.059259
0 0.214583 0.960648 0.016667 0.034259
4 0.245833 0.661111 0.034375 0.050000
4 0.201563 0.673611 0.029167 0.019444
6 0.636979 0.827315 0.021875 0.052778
2 0.613542 0.954167 0.031250 0.073148
4 0.955729 0.800000 0.033333 0.046296
5 0.600000 0.309259 0.037500 0.085185
5 0.860677 0.597222 0.028646 0.061111
5 0.351562 0.950926 0.031250 0.061111
5 0.355208 0.901852 0.027083 0.042593
2 0.387500 0.286574 0.029167 0.050926
2 0.121875 0.149537 0.034375 0.047222
0 0.712240 0.405556 0.008854 0.018519
