0 0.242969 0.876852 0.011979 0.020370
0 0.008594 0.809259 0.017188 0.046296
0 0.108594 0.803241 0.007292 0.020370
6 0.053646 0.534722 0.008854 0.037963
0 0.014583 0.668056 0.006771 0.023148
0 0.013542 0.722685 0.006250 0.018519
6 0.040104 0.339815 0.006771 0.021296
0 0.023177 0.254630 0.006250 0.024074
0 0.089323 0.252315 0.010937 0.026852
6 0.055469 0.327778 0.005729 0.019444
0 0.097396 0.159259 0.011458 0.032407
0 0.269792 0.096759 0.014063 0.023148
5 0.580729 0.273611 0.051042 0.059259
6 0.461719 0.369907 0.013021 0.047222
0 0.464583 0.526389 0.014063 0.022222
0 0.488802 0.595370 0.014583 0.024074
5 0.451823 0.642130 0.039062 0.056481
0 0.445833 0.727778 0.019271 0.025926
5 0.478906 0.683796 0.023958 0.032407
6 0.484635 0.902315 0.017188 0.023148
2 0.334635 0.863426 0.030729 0.108333
0 0.064844 0.728241 0.004167 0.028704
