6 0.414844 0.234722 0.010937 0.021296
5 0.397917 0.238889 0.019792 0.037037
4 0.426302 0.530556 0.017188 0.033333
0 0.318229 0.696759 0.009375 0.026852
0 0.544792 0.684259 0.013542 0.027778
5 0.733854 0.265741 0.032292 0.044444
6 0.839063 0.356019 0.011458 0.026852
6 0.916667 0.576389 0.020833 0.019444
5 0.842969 0.653241 0.028646 0.047222
0 0.693229 0.359722 0.026042 0.026852
0 0.944010 0.984259 0.009896 0.018519
0 0.956250 0.977778 0.015625 0.018519
0 0.479687 0.724074 0.016667 0.035185
6 0.271875 0.757407 0.018750 0.035185
2 0.328385 0.834722 0.017188 0.032407
2 0.385156 0.847685 0.015104 0.025000
