6 0.657552 0.629167 0.019271 0.039815
2 0.662500 0.196759 0.022396 0.048148
0 0.919271 0.967593 0.011458 0.021296
5 0.834896 0.755556 0.013021 0.032407
5 0.823958 0.881944 0.009896 0.048148
5 0.919010 0.649074 0.010937 0.032407
6 0.563542 0.066667 0.015104 0.030556
6 0.795833 0.756944 0.008333 0.025000
1 0.965625 0.520370 0.013542 0.038889
0 0.990885 0.804630 0.018229 0.079630
3 0.632812 0.268519 0.015104 0.024074
0 0.654687 0.376389 0.009375 0.014815
0 0.949740 0.798611 0.018229 0.045370
5 0.563281 0.986574 0.019271 0.026852
5 0.598437 0.887037 0.014583 0.031481
0 0.607292 0.678704 0.010417 0.019444
0 0.609375 0.705556 0.009896 0.022222
5 0.594792 0.671296 0.013542 0.021296
5 0.574479 0.621296 0.019271 0.033333
0 0.636198 0.557407 0.009375 0.018519
0 0.534635 0.253241 0.011979 0.017593
6 0.505469 0.140278 0.015625 0.032407
0 0.496354 0.104167 0.013021 0.029630
0 0.166927 0.043519 0.010417 0.029630
0 0.629427 0.783796 0.015104 0.038889
0 0.937500 0.888426 0.007812 0.012963
0 0.586198 0.204167 0.021354 0.025000
2 0.579688 0.217130 0.021875 0.039815
0 0.888021 0.717593 0.007292 0.010185
5 0.599479 0.224074 0.020313 0.057407
0 0.609115 0.200926 0.009896 0.012037
0 0.637500 0.817130 0.021875 0.036111
0 0.571875 0.816667 0.014583 0.026852
0 0.537760 0.103704 0.039583 0.160185
0 0.545833 0.012500 0.009375 0.025000
0 0.162760 0.073148 0.012500 0.025000
