5 0.336458 0.239352 0.031250 0.052778
6 0.525000 0.317593 0.023958 0.038889
5 0.696354 0.447685 0.025000 0.039815
5 0.980990 0.330093 0.038021 0.052778
5 0.675260 0.923148 0.020313 0.040741
5 0.179427 0.945833 0.022396 0.045370
0 0.383594 0.847222 0.039062 0.046296
5 0.858333 0.354630 0.032292 0.037037
0 0.065885 0.749537 0.020313 0.032407
0 0.174740 0.365278 0.018229 0.026852
5 0.730469 0.707870 0.015104 0.067593
6 0.023177 0.404167 0.020313 0.023148
5 0.821354 0.496759 0.020833 0.032407
6 0.611458 0.966667 0.018750 0.042593
5 0.632812 0.966204 0.031250 0.054630
2 0.510417 0.232407 0.036458 0.053704
0 0.536198 0.398611 0.015104 0.026852
5 0.282552 0.110185 0.013021 0.025926
5 0.436198 0.178704 0.030729 0.051852
