0 0.262240 0.088889 0.015104 0.025926
0 0.253125 0.348611 0.020833 0.019444
5 0.330469 0.368056 0.047396 0.050926
0 0.394271 0.210185 0.015625 0.025926
0 0.413542 0.183333 0.031250 0.038889
6 0.407552 0.517130 0.030729 0.028704
0 0.439583 0.141204 0.018750 0.025000
5 0.343490 0.485185 0.028646 0.061111
0 0.385156 0.133796 0.014063 0.049074
0 0.294531 0.162500 0.015104 0.037963
2 0.272396 0.328704 0.029167 0.040741
0 0.429167 0.232407 0.012500 0.018519
0 0.351042 0.381019 0.020833 0.028704
6 0.472656 0.621296 0.032813 0.035185
6 0.488542 0.896759 0.025000 0.026852
5 0.584635 0.908796 0.038021 0.062037
5 0.455729 0.866204 0.042708 0.063889
5 0.486979 0.558333 0.032292 0.042593
2 0.718750 0.185185 0.026042 0.050000
6 0.842448 0.256481 0.027604 0.035185
0 0.648698 0.153704 0.021354 0.020370
2 0.848958 0.868056 0.037500 0.080556
0 0.786458 0.896296 0.014583 0.029630
0 0.406771 0.666204 0.016667 0.028704
0 0.421615 0.444907 0.014063 0.032407
