7 0.399219 0.097222 0.020313 0.053704
8 0.502604 0.252778 0.027083 0.048148
5 0.871875 0.585185 0.039583 0.044444
5 0.904948 0.792593 0.032813 0.046296
5 0.701042 0.752315 0.056250 0.065741
5 0.639844 0.779630 0.009896 0.027778
5 0.935677 0.493056 0.031771 0.036111
5 0.247135 0.855093 0.023438 0.037963
0 0.045052 0.637500 0.018229 0.036111
0 0.010156 0.718981 0.018229 0.037963
0 0.590625 0.291204 0.027083 0.041667
0 0.657292 0.864352 0.029167 0.080556
0 0.648177 0.921296 0.020313 0.074074
0 0.128646 0.173148 0.016667 0.046296
