2 0.407031 0.189352 0.017188 0.032407
0 0.419271 0.340278 0.012500 0.032407
6 0.490104 0.677315 0.030208 0.041667
2 0.447135 0.851389 0.045312 0.065741
6 0.362500 0.911111 0.022917 0.037037
0 0.337760 0.856019 0.016146 0.026852
0 0.479948 0.803241 0.010937 0.023148
0 0.479948 0.878241 0.017188 0.025000
0 0.466927 0.903241 0.013021 0.019444
0 0.482552 0.908333 0.016146 0.027778
0 0.484896 0.857407 0.010417 0.024074
0 0.488021 0.825463 0.007292 0.023148
0 0.477083 0.741204 0.016667 0.032407
0 0.496094 0.804630 0.014063 0.024074
0 0.514583 0.689815 0.030208 0.025926
6 0.736198 0.432407 0.016146 0.022222
0 0.465885 0.533796 0.021354 0.026852
2 0.769271 0.829167 0.035417 0.050926
0 0.669010 0.890278 0.014063 0.026852
5 0.889583 0.627315 0.021875 0.021296
2 0.922135 0.961574 0.040104 0.069444
0 0.382031 0.649074 0.075521 0.124074
