0 0.036719 0.195833 0.015104 0.017593
0 0.013021 0.140741 0.014583 0.018519
5 0.136458 0.366204 0.030208 0.037963
2 0.040104 0.276852 0.027083 0.037037
0 0.035417 0.438426 0.011458 0.023148
0 0.086198 0.300463 0.009896 0.012037
5 0.125260 0.581481 0.026562 0.016667
5 0.201823 0.564352 0.019271 0.017593
0 0.286458 0.397685 0.011458 0.017593
0 0.333854 0.487037 0.015625 0.014815
3 0.429167 0.453241 0.009375 0.013889
0 0.458333 0.509259 0.015625 0.025926
0 0.209635 0.929630 0.008854 0.022222
3 0.382031 0.931019 0.014063 0.021296
6 0.465625 0.183333 0.018750 0.031481
0 0.438021 0.060648 0.006250 0.015741
0 0.320833 0.409259 0.011458 0.012963
5 0.109115 0.589815 0.023438 0.022222
0 0.688021 0.611111 0.009375 0.012963
3 0.727083 0.741204 0.011458 0.021296
2 0.696615 0.630556 0.038021 0.055556
5 0.733854 0.818981 0.016667 0.021296
0 0.791927 0.819907 0.009896 0.017593
0 0.728385 0.991667 0.006771 0.016667
5 0.816406 0.898611 0.031771 0.047222
5 0.734375 0.971296 0.019792 0.057407
6 0.606510 0.413426 0.018229 0.039815
