2 0.710677 0.201389 0.057813 0.093519
2 0.332813 0.278704 0.043750 0.079630
5 0.589323 0.813426 0.029687 0.034259
5 0.642969 0.529167 0.025521 0.043519
2 0.414583 0.566667 0.029167 0.042593
5 0.523177 0.844444 0.036979 0.055556
2 0.577344 0.667130 0.029687 0.058333
0 0.904687 0.921296 0.014583 0.025926
2 0.986719 0.307870 0.026562 0.036111
3 0.509896 0.262500 0.021875 0.034259
5 0.671875 0.763426 0.018750 0.043519
2 0.643229 0.206944 0.040625 0.060185
5 0.857292 0.381944 0.018750 0.050926
0 0.281771 0.474074 0.022917 0.029630
6 0.517969 0.925463 0.021354 0.037963
6 0.363542 0.435185 0.022917 0.035185
5 0.350781 0.356944 0.018229 0.032407
5 0.328385 0.408796 0.034896 0.036111
0 0.524740 0.657870 0.023438 0.054630
0 0.598958 0.625463 0.035417 0.039815
2 0.520052 0.737037 0.023438 0.040741
0 0.537240 0.751389 0.021354 0.036111
0 0.483333 0.797685 0.013542 0.036111
0 0.352083 0.840278 0.018750 0.023148
0 0.332031 0.850000 0.016146 0.029630
3 0.251302 0.693981 0.013021 0.019444
6 0.283854 0.108333 0.015625 0.027778
2 0.655729 0.372222 0.031250 0.055556
0 0.956771 0.617593 0.025000 0.022222
0 0.534896 0.768519 0.020833 0.016667
0 0.546875 0.911574 0.021875 0.037963
5 0.254948 0.398148 0.032813 0.055556
0 0.058073 0.163426 0.016146 0.025000
