0 0.068229 0.489815 0.007812 0.035185
0 0.095312 0.484722 0.007292 0.024074
0 0.082812 0.510648 0.008333 0.017593
6 0.188802 0.493519 0.010417 0.025926
4 0.152865 0.212500 0.009375 0.038889
0 0.363281 0.336574 0.014063 0.036111
0 0.367708 0.251389 0.008854 0.025926
0 0.323437 0.609722 0.010417 0.016667
2 0.212760 0.652315 0.018750 0.040741
5 0.050521 0.639352 0.008333 0.034259
5 0.665885 0.610185 0.025521 0.027778
4 0.769010 0.201389 0.005208 0.025000
4 0.760938 0.190278 0.016146 0.044444
6 0.760417 0.238889 0.021875 0.035185
0 0.702604 0.532870 0.003646 0.024074
3 0.770312 0.792130 0.019792 0.019444
0 0.767969 0.880093 0.010937 0.025926
6 0.828385 0.925463 0.009375 0.036111
6 0.776563 0.294444 0.013542 0.018519
