0 0.061458 0.968056 0.004687 0.021296
0 0.070052 0.887037 0.005729 0.014815
0 0.036979 0.761111 0.011979 0.031481
0 0.176823 0.772222 0.007292 0.014815
0 0.171615 0.799537 0.009375 0.020370
0 0.167708 0.772222 0.009896 0.026852
0 0.161719 0.807870 0.009896 0.031481
0 0.153125 0.796759 0.009896 0.025926
5 0.121875 0.316667 0.020833 0.076852
5 0.483073 0.287963 0.017188 0.022222
3 0.736458 0.580556 0.010417 0.026852
9 0.787240 0.635648 0.017188 0.027778
0 0.787240 0.606944 0.013542 0.021296
0 0.742188 0.648611 0.024479 0.034259
0 0.774740 0.700000 0.019792 0.023148
5 0.778906 0.743519 0.008854 0.058333
6 0.818490 0.680093 0.013021 0.025000
0 0.740365 0.667130 0.013542 0.015741
6 0.831510 0.509722 0.013021 0.018519
2 0.810417 0.490278 0.020833 0.029630
0 0.790104 0.400926 0.009375 0.019444
0 0.830208 0.331019 0.007292 0.012963
6 0.838021 0.341204 0.014063 0.016667
5 0.746615 0.294444 0.010937 0.025926
5 0.685417 0.269907 0.017188 0.021296
3 0.848177 0.881019 0.011979 0.016667
6 0.854427 0.828241 0.010417 0.021296
5 0.885938 0.822685 0.019271 0.025926
0 0.894792 0.818056 0.009375 0.013889
0 0.854688 0.961574 0.015104 0.037037
0 0.750521 0.850926 0.007812 0.017593
