3 0.586719 0.834722 0.017188 0.032407
5 0.531250 0.865278 0.013542 0.025000
5 0.545312 0.210185 0.025000 0.027778
0 0.716406 0.299074 0.014063 0.022222
5 0.766406 0.262037 0.030729 0.037037
2 0.620833 0.543519 0.025000 0.033333
0 0.541927 0.516204 0.009896 0.019444
0 0.540885 0.258333 0.014063 0.020370
0 0.531250 0.362037 0.012500 0.020370
0 0.573958 0.750000 0.013542 0.016667
0 0.482292 0.633796 0.016667 0.032407
2 0.898958 0.351852 0.016667 0.024074
2 0.973698 0.616667 0.023438 0.033333
4 0.925260 0.280093 0.027604 0.025000
4 0.876823 0.332407 0.020313 0.037037
4 0.509115 0.415278 0.025521 0.019444
3 0.061719 0.282870 0.022396 0.036111
