5 0.349219 0.266667 0.029687 0.051852
6 0.368750 0.406019 0.029167 0.045370
0 0.319792 0.322222 0.017708 0.024074
6 0.335938 0.417130 0.022917 0.032407
0 0.311979 0.411574 0.015625 0.030556
0 0.328906 0.255093 0.015104 0.025000
0 0.332292 0.239815 0.018750 0.035185
0 0.328646 0.212037 0.013542 0.020370
0 0.124479 0.284722 0.022917 0.037963
0 0.096354 0.263889 0.018750 0.029630
0 0.079167 0.211111 0.011458 0.020370
6 0.257552 0.112500 0.016146 0.034259
0 0.322656 0.225000 0.033854 0.035185
3 0.635938 0.297685 0.015625 0.026852
5 0.685417 0.162500 0.022917 0.062037
5 0.638021 0.153241 0.025000 0.026852
6 0.451562 0.236574 0.018750 0.028704
0 0.584115 0.343056 0.021354 0.043519
0 0.612240 0.189815 0.020313 0.029630
0 0.603125 0.431944 0.012500 0.030556
0 0.540885 0.200463 0.017188 0.025000
5 0.511719 0.463889 0.015104 0.040741
0 0.540885 0.482870 0.031771 0.063889
3 0.568750 0.489815 0.014583 0.024074
0 0.491927 0.531481 0.022396 0.029630
0 0.478125 0.606481 0.025000 0.042593
0 0.595573 0.395833 0.008854 0.013889
5 0.682292 0.307870 0.018750 0.043519
0 0.965365 0.613426 0.033854 0.086111
3 0.701562 0.649537 0.017708 0.025000
0 0.718750 0.447222 0.015625 0.025926
6 0.469010 0.826852 0.016146 0.033333
3 0.487500 0.840278 0.011458 0.019444
7 0.507031 0.824537 0.009896 0.017593
0 0.535677 0.962037 0.011979 0.016667
0 0.474479 0.975000 0.009375 0.048148
6 0.419792 0.853241 0.020833 0.039815
0 0.359375 0.796296 0.016667 0.029630
0 0.325260 0.850926 0.023438 0.042593
5 0.271875 0.956481 0.015625 0.029630
0 0.480469 0.782870 0.035937 0.041667
5 0.447917 0.727315 0.032292 0.025000
0 0.473177 0.722685 0.013021 0.021296
0 0.094271 0.800926 0.016667 0.018519
0 0.057552 0.842130 0.017188 0.021296
0 0.009635 0.710648 0.010937 0.012037
0 0.034896 0.761111 0.016667 0.012963
0 0.036198 0.728241 0.011979 0.012037
0 0.028385 0.588426 0.019271 0.028704
0 0.042708 0.685648 0.025000 0.021296
0 0.528125 0.364352 0.021875 0.021296
4 0.528906 0.358333 0.020313 0.059259
7 0.597656 0.292130 0.008854 0.015741
0 0.713281 0.320370 0.008854 0.014815
0 0.313021 0.801852 0.005208 0.014815
0 0.294271 0.531019 0.014583 0.032407
0 0.539583 0.482407 0.010417 0.022222
0 0.559896 0.530093 0.027083 0.047222
0 0.041406 0.804630 0.033854 0.029630
0 0.314323 0.309259 0.029687 0.024074
0 0.293229 0.327315 0.018750 0.034259
0 0.314844 0.353704 0.030729 0.033333
0 0.214323 0.369444 0.018229 0.040741
0 0.226823 0.385648 0.006771 0.013889
0 0.163542 0.201852 0.029167 0.050000
0 0.107292 0.328704 0.015625 0.018519
0 0.119010 0.325926 0.015104 0.033333
0 0.087760 0.283796 0.008854 0.015741
