0 0.038281 0.957407 0.007812 0.029630
5 0.027083 0.722685 0.010937 0.030556
5 0.164583 0.844907 0.013021 0.021296
5 0.252604 0.500000 0.013021 0.032407
5 0.088542 0.165278 0.009375 0.034259
5 0.270052 0.104167 0.011458 0.043519
3 0.268750 0.156944 0.009375 0.026852
2 0.352865 0.893056 0.034375 0.074074
2 0.342969 0.806481 0.022396 0.031481
0 0.814323 0.719907 0.021354 0.045370
2 0.720313 0.625000 0.032813 0.058333
5 0.698438 0.277315 0.021354 0.060185
0 0.750260 0.306481 0.007812 0.009259
0 0.026042 0.283333 0.007292 0.014815
4 0.054167 0.186111 0.008333 0.020370
