6 0.515625 0.435648 0.021875 0.032407
0 0.525000 0.298611 0.011458 0.023148
0 0.434896 0.925926 0.016667 0.035185
0 0.527083 0.839352 0.008333 0.019444
0 0.525000 0.798148 0.013542 0.020370
0 0.498698 0.887500 0.032813 0.056481
0 0.481510 0.937037 0.011979 0.022222
5 0.717708 0.424537 0.030208 0.028704
4 0.681510 0.540741 0.035937 0.029630
0 0.679948 0.552315 0.022396 0.087963
5 0.684375 0.432870 0.011458 0.026852
0 0.781771 0.412500 0.022917 0.023148
0 0.803385 0.416667 0.015104 0.016667
0 0.834115 0.510185 0.014063 0.020370
0 0.850521 0.493981 0.013542 0.026852
0 0.883854 0.628704 0.013542 0.024074
0 0.867448 0.935648 0.013021 0.017593
0 0.925521 0.948148 0.012500 0.020370
0 0.777083 0.913889 0.023958 0.027778
0 0.933073 0.649537 0.013021 0.013889
0 0.938281 0.679630 0.011979 0.014815
0 0.946615 0.602778 0.007812 0.011111
0 0.954427 0.653704 0.008854 0.012963
0 0.816927 0.640741 0.008854 0.016667
6 0.546875 0.489352 0.021875 0.023148
