2 0.286979 0.215741 0.058333 0.038889
0 0.222917 0.373148 0.015625 0.018519
0 0.160938 0.234259 0.012500 0.018519
0 0.016406 0.371296 0.014063 0.018519
6 0.288281 0.584259 0.009896 0.025926
0 0.283073 0.612037 0.008854 0.025926
2 0.343490 0.580093 0.021354 0.049074
0 0.462240 0.609722 0.015104 0.026852
5 0.607292 0.585185 0.034375 0.059259
0 0.585677 0.671296 0.007812 0.020370
2 0.644010 0.449537 0.041146 0.037963
6 0.835938 0.298611 0.015625 0.021296
0 0.672656 0.160648 0.010937 0.021296
0 0.903385 0.496296 0.009896 0.022222
2 0.066667 0.956481 0.034375 0.050000
0 0.468750 0.881019 0.026042 0.028704
2 0.435417 0.839815 0.019792 0.044444
0 0.395052 0.918519 0.023438 0.029630
5 0.540885 0.839352 0.019271 0.039815
6 0.587240 0.880093 0.013021 0.028704
0 0.643750 0.992593 0.008333 0.014815
0 0.707812 0.987963 0.011458 0.016667
0 0.777604 0.922685 0.015625 0.015741
5 0.977604 0.591667 0.014583 0.025926
0 0.000521 0.000723 0.000012 0.000015
6 0.908073 0.825463 0.017188 0.021296
0 0.723958 0.635648 0.019792 0.017593
0 0.995833 0.951852 0.008333 0.014815
0 0.956771 0.991204 0.007292 0.017593
2 0.867969 0.985648 0.016146 0.028704
0 0.892708 0.762500 0.005208 0.010185
0 0.870833 0.692130 0.012500 0.023148
0 0.854948 0.666204 0.016146 0.023148
5 0.956510 0.629167 0.017188 0.019444
0 0.814583 0.717593 0.014583 0.016667
2 0.675521 0.696759 0.028125 0.058333
