0 0.749219 0.623148 0.024479 0.022222
5 0.755729 0.706481 0.033333 0.059259
0 0.788021 0.587037 0.014583 0.038889
0 0.769792 0.599074 0.022917 0.027778
0 0.744271 0.824074 0.013542 0.033333
5 0.873698 0.900463 0.033854 0.054630
0 0.908073 0.877315 0.024479 0.036111
5 0.593490 0.867593 0.027604 0.116667
3 0.580729 0.646759 0.015625 0.067593
6 0.469271 0.944907 0.013542 0.050926
0 0.476823 0.651389 0.019271 0.019444
4 0.511719 0.741667 0.048438 0.040741
0 0.508333 0.675926 0.014583 0.031481
0 0.538542 0.678241 0.006250 0.025000
5 0.540885 0.498611 0.039062 0.050926
5 0.588021 0.474074 0.016667 0.051852
0 0.622396 0.404630 0.017708 0.051852
0 0.516927 0.322685 0.016146 0.030556
0 0.186458 0.595833 0.020833 0.030556
0 0.000290 0.000931 0.000009 0.000067
5 0.563281 0.781019 0.045312 0.084259
0 0.558333 0.715278 0.027083 0.028704
0 0.564323 0.720833 0.020313 0.034259
0 0.572917 0.731019 0.013542 0.047222
0 0.470313 0.810648 0.038542 0.054630
0 0.441667 0.780093 0.029167 0.026852
0 0.264062 0.966667 0.011458 0.027778
0 0.258333 0.969444 0.011458 0.018519
0 0.249479 0.978704 0.009375 0.014815
5 0.213281 0.775926 0.022396 0.046296
0 0.200521 0.748148 0.016667 0.025926
5 0.271094 0.658333 0.018229 0.031481
2 0.250781 0.177315 0.080729 0.056481
0 0.191146 0.513426 0.007292 0.015741
