6 0.124479 0.396759 0.025000 0.034259
6 0.219010 0.612037 0.023438 0.038889
0 0.176823 0.615741 0.016146 0.020370
6 0.492448 0.323148 0.017188 0.022222
6 0.656771 0.621759 0.022917 0.043519
5 0.800000 0.498611 0.040625 0.039815
0 0.786458 0.358333 0.018750 0.022222
0 0.753125 0.357407 0.016667 0.022222
0 0.695052 0.409259 0.015104 0.022222
0 0.871354 0.969444 0.017708 0.029630
5 0.291146 0.808796 0.025000 0.058333
2 0.339323 0.642130 0.039062 0.039815
0 0.141406 0.750926 0.020313 0.027778
0 0.151823 0.808333 0.015104 0.024074
0 0.111979 0.609259 0.029167 0.033333
5 0.626563 0.862963 0.032292 0.057407
2 0.666667 0.385648 0.026042 0.054630
