5 0.172461 0.537847 0.018750 0.051389
5 0.383203 0.960764 0.023828 0.039583
5 0.385547 0.899306 0.013281 0.032639
5 0.575000 0.565625 0.020313 0.080556
5 0.824219 0.928819 0.013281 0.023611
5 0.734961 0.745833 0.012109 0.024306
6 0.680859 0.638542 0.018359 0.026389
5 0.929102 0.650000 0.018359 0.034722
0 0.986133 0.779167 0.006250 0.029167
5 0.961328 0.237500 0.008203 0.052778
6 0.916602 0.267361 0.006641 0.018750
6 0.664258 0.343056 0.007812 0.011806
0 0.805859 0.950347 0.015625 0.029861
0 0.826367 0.844097 0.006641 0.029167
6 0.906836 0.805208 0.011719 0.031250
4 0.020508 0.525694 0.041016 0.013194
