2 0.435937 0.223148 0.039583 0.051852
2 0.472396 0.354630 0.048958 0.087037
4 0.556510 0.405556 0.034896 0.025926
5 0.753125 0.234722 0.028125 0.036111
5 0.727604 0.258796 0.023958 0.030556
5 0.728906 0.398148 0.033854 0.050000
1 0.701042 0.437037 0.021875 0.040741
3 0.688021 0.501852 0.019792 0.037037
5 0.709896 0.506481 0.041667 0.064815
6 0.722135 0.574074 0.015104 0.033333
5 0.834375 0.565741 0.028125 0.046296
5 0.697135 0.268056 0.015104 0.021296
0 0.689583 0.395833 0.010417 0.015741
0 0.709375 0.306944 0.013542 0.023148
0 0.927604 0.296296 0.012500 0.024074
5 0.927604 0.353704 0.016667 0.025926
6 0.991146 0.483333 0.017708 0.029630
6 0.979688 0.534259 0.016667 0.027778
6 0.947656 0.568519 0.023438 0.038889
0 0.940365 0.439815 0.011979 0.016667
6 0.982812 0.608796 0.015625 0.030556
0 0.870052 0.718981 0.019271 0.032407
0 0.502083 0.450463 0.029167 0.025000
6 0.402865 0.286574 0.014063 0.030556
0 0.693750 0.981481 0.017708 0.029630
6 0.825000 0.639815 0.030208 0.055556
0 0.976562 0.890278 0.018750 0.026852
