2 0.722656 0.583796 0.041146 0.117593
6 0.654948 0.168056 0.030729 0.065741
5 0.346094 0.515278 0.035937 0.087963
6 0.329948 0.625463 0.029687 0.050926
5 0.404167 0.892130 0.036458 0.063889
5 0.177083 0.733796 0.019792 0.041667
0 0.889583 0.595833 0.032292 0.043519
5 0.784896 0.827315 0.039583 0.060185
5 0.849479 0.814815 0.032292 0.033333
0 0.799479 0.949074 0.015625 0.025926
0 0.616667 0.642130 0.022917 0.036111
0 0.545833 0.093981 0.021875 0.036111
0 0.276302 0.823148 0.019271 0.044444
0 0.278646 0.574537 0.018750 0.036111
2 0.902083 0.787500 0.022917 0.049074
5 0.991406 0.888426 0.017188 0.030556
0 0.248438 0.802315 0.023958 0.047222
