2 0.238802 0.175000 0.018229 0.038889
6 0.292187 0.468056 0.026042 0.047222
0 0.265885 0.490741 0.013021 0.031481
2 0.335156 0.506944 0.049479 0.093519
5 0.359896 0.615278 0.015625 0.032407
0 0.334635 0.685185 0.014063 0.055556
5 0.436458 0.173148 0.017708 0.033333
5 0.626563 0.319907 0.031250 0.054630
6 0.607031 0.545833 0.042188 0.071296
5 0.650521 0.461574 0.025000 0.047222
5 0.692969 0.516667 0.025521 0.077778
6 0.750781 0.528241 0.016146 0.028704
4 0.732031 0.875926 0.044271 0.088889
5 0.867708 0.840278 0.018750 0.026852
5 0.853646 0.690741 0.014583 0.024074
6 0.912500 0.742130 0.015625 0.037963
5 0.920573 0.580093 0.042188 0.054630
2 0.817708 0.576852 0.022917 0.040741
0 0.833333 0.637500 0.009375 0.021296
0 0.808854 0.610185 0.007292 0.022222
