0 0.169531 0.282407 0.016146 0.022222
3 0.294010 0.583796 0.019271 0.030556
1 0.384375 0.443981 0.041667 0.043519
6 0.422135 0.401852 0.019271 0.024074
5 0.475000 0.233333 0.030208 0.025926
3 0.493490 0.187037 0.017188 0.022222
0 0.439063 0.123148 0.014583 0.022222
5 0.568750 0.535185 0.034375 0.035185
6 0.509896 0.596759 0.019792 0.034259
5 0.494010 0.363889 0.021354 0.046296
0 0.694531 0.335648 0.030729 0.032407
5 0.658073 0.366204 0.015104 0.030556
5 0.678385 0.433333 0.023438 0.031481
0 0.608594 0.546296 0.024479 0.038889
5 0.582031 0.635185 0.046354 0.055556
6 0.554167 0.662037 0.023958 0.031481
0 0.597917 0.645833 0.027083 0.032407
6 0.055990 0.887963 0.018229 0.033333
0 0.012240 0.881481 0.024479 0.033333
2 0.017969 0.714352 0.035937 0.028704
4 0.219271 0.881944 0.031250 0.028704
4 0.274479 0.809259 0.028125 0.018519
0 0.184635 0.108796 0.015104 0.015741
0 0.120573 0.151389 0.018229 0.023148
0 0.157292 0.306019 0.014583 0.015741
0 0.733333 0.162963 0.022917 0.033333
0 0.937760 0.350463 0.016146 0.021296
0 0.926823 0.435185 0.014063 0.022222
5 0.609896 0.398611 0.034375 0.062037
5 0.620052 0.372685 0.022396 0.047222
6 0.693750 0.873148 0.020833 0.029630
0 0.742448 0.940741 0.013021 0.029630
0 0.677865 0.945370 0.011979 0.025926
0 0.627083 0.930093 0.025000 0.026852
0 0.995573 0.889352 0.008854 0.013889
0 0.411458 0.986111 0.015625 0.027778
0 0.623437 0.256019 0.014583 0.032407
