5 0.520573 0.936574 0.036458 0.049074
5 0.536979 0.972222 0.008333 0.033333
6 0.375260 0.822222 0.007292 0.012963
4 0.567708 0.511111 0.007812 0.037963
4 0.338021 0.490278 0.025521 0.025000
4 0.504167 0.128241 0.010417 0.024074
5 0.650521 0.610185 0.016146 0.026852
5 0.577083 0.616204 0.007812 0.025926
5 0.853125 0.700000 0.009896 0.022222
0 0.980990 0.263426 0.005208 0.018519
5 0.239323 0.678241 0.023958 0.042593
4 0.257552 0.545370 0.020833 0.030556
5 0.167187 0.568519 0.017188 0.037037
0 0.103646 0.535648 0.006250 0.017593
0 0.206250 0.206944 0.006250 0.037037
0 0.218750 0.216667 0.008854 0.020370
6 0.200781 0.124074 0.007292 0.018519
