6 0.476042 0.662500 0.025000 0.034259
0 0.579427 0.596759 0.020313 0.039815
5 0.899740 0.661574 0.034896 0.039815
5 0.265625 0.437037 0.037500 0.048148
5 0.313281 0.189815 0.029687 0.074074
5 0.908073 0.453241 0.026562 0.034259
2 0.490625 0.412963 0.026042 0.038889
5 0.471615 0.118519 0.028646 0.070370
0 0.565885 0.544907 0.024479 0.030556
0 0.510156 0.363426 0.021354 0.036111
1 0.207031 0.563426 0.024479 0.037963
6 0.610156 0.576852 0.017188 0.042593
0 0.229687 0.308333 0.020833 0.022222
0 0.741146 0.212037 0.018750 0.022222
5 0.985677 0.303241 0.026562 0.041667
5 0.694792 0.152778 0.019792 0.050000
5 0.632292 0.301389 0.020833 0.058333
0 0.988281 0.580556 0.023438 0.025926
0 0.407552 0.487963 0.053646 0.040741
5 0.185677 0.517593 0.033854 0.077778
0 0.151823 0.448148 0.010937 0.020370
6 0.007812 0.270833 0.014583 0.039815
0 0.051302 0.170370 0.023438 0.029630
1 0.257812 0.090741 0.015625 0.027778
0 0.454167 0.174074 0.016667 0.046296
0 0.441667 0.169907 0.009375 0.017593
4 0.308073 0.180556 0.031771 0.037037
0 0.958333 0.947222 0.016667 0.022222
0 0.876563 0.413426 0.031250 0.032407
0 0.463802 0.293056 0.019271 0.032407
