4 0.075260 0.400926 0.023438 0.033333
0 0.758854 0.218981 0.018750 0.032407
0 0.927344 0.412500 0.028646 0.037963
0 0.904687 0.920370 0.018750 0.038889
5 0.847917 0.397222 0.044792 0.059259
4 0.827604 0.124537 0.020833 0.034259
6 0.933333 0.127315 0.020833 0.025000
0 0.944792 0.289352 0.020833 0.039815
2 0.963021 0.161574 0.032292 0.034259
0 0.921354 0.235648 0.014583 0.023148
0 0.832031 0.250463 0.024479 0.037963
0 0.987760 0.197222 0.024479 0.029630
4 0.976562 0.613426 0.043750 0.034259
0 0.991146 0.628241 0.017708 0.028704
0 0.858854 0.869444 0.028125 0.035185
