5 0.439583 0.496759 0.021875 0.032407
0 0.558594 0.606019 0.016146 0.015741
0 0.395573 0.623611 0.016146 0.025000
2 0.318490 0.927315 0.049479 0.078704
3 0.411198 0.919444 0.029687 0.035185
0 0.416406 0.889815 0.016146 0.016667
0 0.421094 0.907407 0.011979 0.033333
3 0.507552 0.850463 0.019271 0.019444
3 0.516927 0.731481 0.014063 0.029630
0 0.495833 0.885648 0.018750 0.025000
0 0.425521 0.969907 0.017708 0.026852
0 0.489323 0.987500 0.010937 0.025000
0 0.672656 0.867130 0.016146 0.026852
0 0.684375 0.871296 0.013542 0.027778
0 0.677604 0.810648 0.054167 0.073148
2 0.000390 0.000922 0.000008 0.000043
5 0.833073 0.985648 0.016146 0.028704
2 0.885677 0.753241 0.030729 0.047222
0 0.837760 0.711574 0.021354 0.041667
0 0.950781 0.901852 0.066146 0.083333
0 0.921615 0.736111 0.014063 0.020370
2 0.832552 0.500000 0.030729 0.066667
4 0.673698 0.457870 0.022396 0.080556
0 0.727083 0.087963 0.014583 0.024074
0 0.738021 0.172222 0.030208 0.046296
0 0.947656 0.240278 0.021354 0.030556
2 0.319792 0.068981 0.023958 0.052778
0 0.771094 0.357870 0.029687 0.045370
6 0.950781 0.241667 0.021354 0.027778
0 0.294271 0.156481 0.009375 0.018519
0 0.283854 0.113426 0.027083 0.034259
