2 0.643229 0.371759 0.046875 0.082407
6 0.484115 0.295370 0.018229 0.085185
0 0.098698 0.481019 0.013021 0.034259
6 0.172135 0.862037 0.025521 0.040741
5 0.110156 0.942130 0.025521 0.021296
0 0.620573 0.618981 0.019271 0.043519
5 0.673177 0.676852 0.054688 0.038889
8 0.933594 0.560648 0.018229 0.036111
5 0.868750 0.961574 0.021875 0.034259
0 0.156510 0.182407 0.022396 0.020370
0 0.328906 0.176389 0.017188 0.025000
5 0.124219 0.506944 0.016146 0.025000
5 0.142708 0.609259 0.021875 0.024074
0 0.216667 0.866667 0.015625 0.018519
0 0.238542 0.959722 0.012500 0.037963
0 0.308073 0.904630 0.010937 0.018519
0 0.290104 0.903704 0.015625 0.022222
4 0.983333 0.446759 0.030208 0.017593
0 0.921615 0.600463 0.015104 0.026852
0 0.931510 0.593519 0.015104 0.027778
