0 0.308594 0.162963 0.023438 0.042593
0 0.347396 0.521296 0.040625 0.066667
0 0.218229 0.966667 0.022917 0.042593
0 0.931771 0.910648 0.014583 0.026852
5 0.958073 0.861111 0.027604 0.033333
0 0.170313 0.668056 0.019792 0.039815
0 0.000353 0.000920 0.000011 0.000066
0 0.839063 0.977315 0.022917 0.045370
2 0.650260 0.308333 0.040104 0.114815
6 0.963281 0.640741 0.019271 0.025926
0 0.273698 0.724074 0.019271 0.025926
2 0.169531 0.445370 0.033854 0.068519
3 0.905208 0.489352 0.028125 0.026852
0 0.932813 0.353241 0.014583 0.023148
2 0.147656 0.907407 0.048438 0.059259
0 0.115365 0.335648 0.025521 0.030556
6 0.841927 0.397222 0.045312 0.077778
0 0.627865 0.223611 0.031771 0.043519
6 0.333854 0.435648 0.044792 0.080556
0 0.593750 0.102315 0.027083 0.052778
0 0.651563 0.585185 0.016667 0.022222
0 0.894271 0.758796 0.029167 0.041667
2 0.945573 0.792130 0.036979 0.087963
0 0.919792 0.600000 0.019792 0.029630
0 0.896094 0.850926 0.020313 0.035185
0 0.009635 0.718056 0.013021 0.015741
0 0.074219 0.752315 0.017188 0.021296
2 0.619271 0.382407 0.032292 0.059259
0 0.613021 0.348611 0.015625 0.032407
6 0.895312 0.758333 0.020833 0.024074
0 0.934375 0.909259 0.014583 0.018519
6 0.647396 0.591667 0.009375 0.022222
2 0.341406 0.534722 0.033854 0.075000
5 0.220052 0.964352 0.025521 0.036111
2 0.256250 0.773148 0.022917 0.037037
2 0.246615 0.721759 0.032813 0.036111
6 0.307031 0.166204 0.022396 0.045370
