0 0.059635 0.181481 0.014063 0.012963
5 0.322396 0.879167 0.017708 0.037963
0 0.332813 0.987037 0.014583 0.025926
2 0.589063 0.644444 0.032292 0.042593
5 0.463542 0.504167 0.023958 0.052778
5 0.831771 0.734722 0.017708 0.047222
6 0.842969 0.687500 0.020313 0.021296
0 0.822135 0.810185 0.010937 0.016667
0 0.757031 0.903704 0.015104 0.020370
5 0.865625 0.597685 0.019792 0.026852
5 0.897135 0.612037 0.021354 0.027778
5 0.931771 0.631481 0.028125 0.035185
0 0.849479 0.441667 0.026042 0.022222
0 0.996875 0.542593 0.006250 0.011111
5 0.903646 0.310185 0.027083 0.046296
2 0.578385 0.109722 0.014063 0.025000
0 0.535417 0.179630 0.026042 0.038889
0 0.520573 0.343056 0.047396 0.063889
0 0.008333 0.987963 0.012500 0.020370
2 0.960156 0.891204 0.059896 0.062037
4 0.787500 0.886111 0.031250 0.044444
