3 0.322135 0.521296 0.007292 0.025000
0 0.222135 0.556944 0.006250 0.017593
5 0.230990 0.146759 0.011458 0.035185
4 0.738021 0.147222 0.014583 0.008333
4 0.928385 0.146759 0.018750 0.017593
0 0.857812 0.091667 0.006771 0.010185
0 0.871615 0.562500 0.009896 0.019444
0 0.884375 0.547685 0.009896 0.022222
0 0.897135 0.593519 0.005729 0.016667
0 0.922396 0.618056 0.014583 0.011111
0 0.953125 0.644444 0.005729 0.014815
0 0.994531 0.653704 0.005729 0.011111
4 0.857552 0.667593 0.011458 0.051852
0 0.898177 0.718519 0.005208 0.014815
0 0.898958 0.683796 0.014063 0.023148
0 0.967187 0.816204 0.005729 0.007407
0 0.870313 0.751852 0.007292 0.016667
6 0.913802 0.950463 0.007292 0.014815
6 0.854948 0.972222 0.008333 0.022222
4 0.819792 0.963889 0.012500 0.006481
0 0.857812 0.928241 0.007812 0.016667
0 0.832031 0.911111 0.005729 0.012037
0 0.563281 0.994907 0.013021 0.010185
0 0.153646 0.835648 0.014063 0.021296
0 0.166146 0.968056 0.011458 0.024074
0 0.109115 0.961111 0.010937 0.015741
0 0.082812 0.824074 0.008854 0.035185
0 0.064062 0.887500 0.011458 0.019444
0 0.050260 0.913426 0.007812 0.015741
4 0.671094 0.603704 0.004167 0.025000
