3 0.139844 0.250463 0.031771 0.052778
2 0.345313 0.352315 0.048958 0.060185
0 0.122396 0.737500 0.025000 0.036111
2 0.508073 0.957407 0.043229 0.072222
6 0.472396 0.749537 0.023958 0.056481
5 0.571615 0.119907 0.031771 0.037963
5 0.546875 0.168981 0.038542 0.060185
0 0.530729 0.121296 0.022917 0.044444
0 0.890365 0.272222 0.020313 0.044444
4 0.682552 0.227315 0.047396 0.036111
0 0.614583 0.758796 0.022917 0.037963
6 0.866406 0.697685 0.029687 0.052778
0 0.988802 0.875463 0.022396 0.037963
0 0.000502 0.000904 0.000014 0.000062
6 0.773698 0.894907 0.029687 0.036111
0 0.526302 0.520833 0.029687 0.030556
4 0.757292 0.114815 0.025000 0.048148
6 0.954688 0.525000 0.025000 0.022222
0 0.583333 0.778704 0.028125 0.046296
6 0.719271 0.814815 0.026042 0.040741
0 0.561719 0.604630 0.019271 0.027778
4 0.504687 0.805093 0.022917 0.034259
4 0.460417 0.214352 0.022917 0.037963
0 0.785156 0.481481 0.030729 0.040741
4 0.799479 0.114815 0.022917 0.024074
0 0.559635 0.319907 0.044271 0.034259
