0 0.026823 0.470833 0.020313 0.025000
0 0.069531 0.287963 0.013021 0.020370
2 0.121615 0.448611 0.030729 0.047222
4 0.076042 0.492593 0.023958 0.040741
6 0.257031 0.379630 0.025521 0.059259
4 0.309115 0.497685 0.030729 0.036111
6 0.356250 0.431481 0.017708 0.031481
0 0.315365 0.142593 0.020313 0.029630
6 0.829427 0.202315 0.021354 0.017593
0 0.802865 0.366204 0.015104 0.026852
4 0.539844 0.301389 0.024479 0.056481
0 0.570312 0.282870 0.016667 0.025000
5 0.000517 0.000606 0.000018 0.000021
0 0.802344 0.775463 0.015104 0.025000
0 0.619010 0.722685 0.021354 0.045370
0 0.553385 0.755556 0.014063 0.031481
6 0.537240 0.764352 0.020313 0.034259
5 0.650521 0.902315 0.034375 0.034259
6 0.654948 0.965278 0.018229 0.025000
0 0.552344 0.906019 0.026562 0.037963
0 0.471875 0.551389 0.012500 0.026852
5 0.310417 0.618981 0.027083 0.047222
2 0.390365 0.914815 0.031771 0.040741
0 0.391927 0.975000 0.014063 0.038889
0 0.424740 0.716667 0.018229 0.029630
0 0.451823 0.887963 0.013021 0.018519
0 0.108333 0.718519 0.027083 0.035185
0 0.117969 0.825463 0.013021 0.023148
