3 0.284115 0.568519 0.026562 0.035185
6 0.836719 0.856944 0.021354 0.036111
2 0.830729 0.638889 0.022917 0.046296
5 0.569271 0.898611 0.021875 0.034259
5 0.826042 0.400000 0.025000 0.040741
2 0.815365 0.731944 0.016146 0.037963
2 0.000351 0.000917 0.000010 0.000048
2 0.859115 0.664815 0.022396 0.025926
0 0.337500 0.297685 0.012500 0.017593
0 0.330469 0.317130 0.009896 0.019444
4 0.322917 0.320833 0.028125 0.037963
0 0.320573 0.604167 0.016146 0.023148
0 0.323958 0.586574 0.007292 0.012037
2 0.326562 0.611111 0.016667 0.044444
0 0.902865 0.868056 0.011979 0.021296
5 0.952604 0.670833 0.017708 0.017593
6 0.853906 0.566204 0.019271 0.036111
0 0.353906 0.109259 0.008854 0.018519
3 0.364583 0.281481 0.013542 0.024074
0 0.380208 0.324537 0.016667 0.028704
0 0.348438 0.327315 0.016667 0.037963
0 0.007031 0.511111 0.014063 0.018519
0 0.497396 0.592130 0.014583 0.026852
0 0.559635 0.982870 0.010937 0.034259
0 0.507292 0.749537 0.012500 0.034259
0 0.545312 0.731019 0.019792 0.021296
6 0.356771 0.892593 0.020833 0.027778
4 0.432552 0.787500 0.030729 0.037963
0 0.300521 0.740741 0.017708 0.038889
0 0.291927 0.723611 0.016146 0.030556
3 0.289323 0.653241 0.013021 0.017593
0 0.285938 0.658796 0.022917 0.021296
0 0.326562 0.397222 0.013542 0.027778
0 0.386979 0.388889 0.015625 0.037037
4 0.356250 0.345370 0.034375 0.027778
5 0.397135 0.418981 0.022396 0.030556
