5 0.086719 0.666204 0.040104 0.062037
5 0.532031 0.516204 0.026562 0.050926
5 0.330208 0.312037 0.028125 0.055556
5 0.346615 0.769444 0.034896 0.101852
5 0.489844 0.881481 0.023438 0.044444
0 0.227865 0.140741 0.015104 0.020370
0 0.235937 0.431944 0.021875 0.037963
4 0.764844 0.146296 0.015104 0.062963
0 0.757292 0.110648 0.018750 0.025000
0 0.807292 0.137500 0.023958 0.047222
6 0.804427 0.226852 0.024479 0.042593
0 0.683594 0.320370 0.016146 0.031481
0 0.725521 0.248148 0.021875 0.029630
6 0.780729 0.528241 0.016667 0.032407
0 0.826562 0.524537 0.014583 0.034259
0 0.795052 0.496759 0.027604 0.032407
0 0.804167 0.501389 0.019792 0.030556
6 0.796354 0.568056 0.020833 0.034259
0 0.811198 0.535648 0.025521 0.034259
6 0.710677 0.543981 0.017188 0.030556
0 0.808594 0.638426 0.016146 0.030556
0 0.792708 0.898148 0.018750 0.040741
4 0.483854 0.798611 0.039583 0.028704
5 0.302083 0.157870 0.016667 0.039815
0 0.330990 0.274074 0.017188 0.029630
0 0.347917 0.285185 0.017708 0.035185
