5 0.419141 0.795139 0.035937 0.072222
2 0.441797 0.589931 0.025781 0.045139
5 0.444727 0.394792 0.030078 0.052083
6 0.338477 0.539236 0.027734 0.049306
5 0.419336 0.521875 0.026953 0.053472
0 0.980469 0.596528 0.032813 0.025000
1 0.251953 0.600000 0.021875 0.020833
0 0.302930 0.537847 0.008203 0.013194
0 0.292578 0.465625 0.016406 0.031250
0 0.384570 0.520486 0.008984 0.013194
4 0.175781 0.424306 0.014844 0.030556
0 0.540625 0.311458 0.006250 0.009028
5 0.823438 0.472569 0.015625 0.021528
5 0.922656 0.487847 0.021094 0.018750
6 0.940430 0.568750 0.030859 0.036111
5 0.935352 0.228472 0.018359 0.030556
5 0.718359 0.168403 0.011719 0.032639
4 0.833203 0.787847 0.026562 0.077083
4 0.276562 0.924306 0.026562 0.034722
