5 0.786719 0.639352 0.023438 0.032407
5 0.036719 0.434722 0.030729 0.023148
0 0.848958 0.357870 0.040625 0.049074
6 0.062240 0.437037 0.032813 0.035185
2 0.399479 0.355093 0.019792 0.030556
4 0.029427 0.446296 0.027604 0.038889
5 0.790365 0.308333 0.021354 0.029630
6 0.951302 0.201852 0.017188 0.031481
6 0.125260 0.833333 0.047396 0.083333
5 0.027083 0.835185 0.026042 0.050000
5 0.033333 0.877778 0.037500 0.042593
2 0.847656 0.464815 0.041146 0.064815
4 0.936719 0.876852 0.028646 0.040741
5 0.528385 0.736111 0.034896 0.074074
