5 0.655208 0.241204 0.043750 0.047222
5 0.509375 0.774537 0.020833 0.045370
2 0.648438 0.622685 0.050000 0.071296
2 0.561198 0.744907 0.024479 0.052778
0 0.972656 0.174537 0.022396 0.030556
5 0.094531 0.490741 0.026562 0.029630
5 0.048958 0.334259 0.031250 0.029630
5 0.928906 0.394444 0.024479 0.029630
5 0.574479 0.881944 0.014583 0.039815
5 0.083073 0.852778 0.035937 0.029630
0 0.084896 0.962037 0.032292 0.051852
6 0.935156 0.489815 0.027604 0.025926
5 0.937240 0.218519 0.028646 0.033333
4 0.293490 0.838889 0.032813 0.031481
0 0.591146 0.324537 0.013542 0.028704
0 0.616667 0.584722 0.026042 0.039815
5 0.144010 0.874537 0.014063 0.037963
6 0.024740 0.549537 0.024479 0.030556
4 0.309115 0.128704 0.020313 0.038889
5 0.980469 0.380093 0.020313 0.017593
2 0.986719 0.344444 0.023438 0.025926
5 0.986458 0.441204 0.025000 0.026852
0 0.964844 0.426389 0.017188 0.017593
0 0.669792 0.469444 0.017708 0.027778
0 0.878906 0.263426 0.030729 0.039815
0 0.622135 0.865741 0.021354 0.042593
0 0.606250 0.617130 0.028125 0.036111
3 0.306771 0.912037 0.023958 0.025926
0 0.284896 0.692593 0.014583 0.022222
0 0.259375 0.679167 0.012500 0.015741
0 0.043490 0.690741 0.020313 0.014815
4 0.050260 0.627778 0.026562 0.012963
5 0.420312 0.123611 0.033333 0.036111
