6 0.192969 0.900926 0.013542 0.031481
5 0.111979 0.728241 0.009896 0.048148
4 0.107031 0.699537 0.015625 0.019444
4 0.034115 0.695370 0.009375 0.036111
5 0.026302 0.802778 0.009896 0.032407
6 0.132031 0.608796 0.013542 0.038889
3 0.167187 0.483796 0.013021 0.021296
0 0.040625 0.381944 0.009896 0.036111
0 0.186719 0.352778 0.007812 0.033333
5 0.005729 0.329630 0.011458 0.029630
2 0.333333 0.539352 0.033854 0.062037
2 0.315365 0.713426 0.023958 0.052778
0 0.442969 0.985185 0.022917 0.017593
6 0.405729 0.811111 0.013542 0.024074
6 0.389323 0.762963 0.010937 0.014815
0 0.434896 0.306481 0.016146 0.033333
5 0.510677 0.217130 0.020833 0.057407
0 0.626302 0.274537 0.008333 0.024074
7 0.682552 0.370370 0.023958 0.047222
6 0.455990 0.476389 0.006771 0.016667
6 0.494010 0.677778 0.022396 0.057407
3 0.506250 0.789352 0.021354 0.035185
0 0.578906 0.773611 0.013021 0.025926
5 0.646094 0.666667 0.026562 0.041667
6 0.622917 0.553704 0.006771 0.015741
5 0.742969 0.814815 0.038542 0.071296
0 0.713021 0.932870 0.026042 0.025926
5 0.741406 0.954167 0.014583 0.045370
0 0.803906 0.987500 0.016667 0.025000
5 0.804948 0.806944 0.014063 0.023148
0 0.870833 0.413889 0.008854 0.050000
5 0.951302 0.616204 0.013021 0.042593
0 0.957031 0.418056 0.005729 0.015741
