0 0.717187 0.237963 0.022917 0.035185
0 0.680990 0.243519 0.025521 0.040741
3 0.574740 0.177778 0.022396 0.048148
3 0.583594 0.126389 0.019271 0.037963
0 0.851823 0.318519 0.021354 0.044444
5 0.858854 0.386574 0.020833 0.039815
4 0.919010 0.360185 0.025521 0.042593
5 0.530469 0.584259 0.052604 0.040741
5 0.376563 0.244444 0.037500 0.074074
0 0.650000 0.649537 0.025000 0.032407
0 0.622396 0.585185 0.022917 0.035185
2 0.617188 0.391667 0.034375 0.053704
0 0.460156 0.735648 0.016146 0.034259
2 0.505208 0.804167 0.027083 0.062037
0 0.331250 0.827315 0.025000 0.039815
0 0.418750 0.913426 0.030208 0.050926
0 0.154688 0.337500 0.027083 0.034259
6 0.177604 0.230556 0.017708 0.031481
0 0.271094 0.212500 0.022396 0.028704
5 0.242708 0.197685 0.016667 0.062037
5 0.209115 0.252778 0.029687 0.033333
0 0.978385 0.980093 0.021354 0.036111
0 0.332552 0.906019 0.011979 0.063889
6 0.121875 0.707407 0.016667 0.029630
0 0.112760 0.737963 0.008854 0.024074
2 0.773698 0.313889 0.044271 0.081481
