4 0.380729 0.233333 0.028125 0.033333
4 0.320573 0.426852 0.015104 0.018519
0 0.336458 0.428241 0.036458 0.017593
6 0.443750 0.498148 0.015625 0.035185
0 0.439063 0.508333 0.010417 0.022222
5 0.419010 0.568519 0.018229 0.050000
6 0.488021 0.592593 0.015625 0.025926
6 0.478125 0.657407 0.015625 0.029630
6 0.466146 0.829167 0.012500 0.019444
0 0.397135 0.918981 0.008854 0.017593
0 0.488542 0.694444 0.008333 0.014815
0 0.475521 0.699537 0.009375 0.017593
0 0.421094 0.781944 0.018229 0.021296
0 0.386979 0.216667 0.011458 0.022222
0 0.385156 0.237963 0.017188 0.029630
0 0.460417 0.853704 0.022917 0.033333
0 0.360677 0.242593 0.009896 0.016667
0 0.361979 0.216667 0.010417 0.011111
6 0.858854 0.412963 0.014583 0.029630
4 0.848437 0.493056 0.012500 0.021296
0 0.839844 0.277315 0.011979 0.012037
0 0.770312 0.584722 0.014583 0.012037
6 0.835417 0.621759 0.011458 0.015741
6 0.919271 0.674537 0.012500 0.019444
4 0.880729 0.609259 0.011458 0.022222
4 0.813542 0.726852 0.027083 0.022222
4 0.847917 0.728704 0.011458 0.022222
4 0.825521 0.762963 0.014583 0.025926
4 0.909115 0.781481 0.027604 0.020370
0 0.986458 0.902315 0.015625 0.026852
