5 0.553906 0.378704 0.030729 0.053704
6 0.465885 0.406019 0.019271 0.036111
3 0.450521 0.618981 0.025000 0.041667
2 0.354167 0.623148 0.037500 0.059259
5 0.395052 0.367130 0.025521 0.037963
0 0.387760 0.332870 0.016146 0.028704
0 0.367188 0.391667 0.016667 0.022222
3 0.680990 0.304630 0.030729 0.033333
6 0.811979 0.377778 0.018750 0.033333
0 0.992448 0.670833 0.015104 0.013889
5 0.983854 0.668056 0.023958 0.028704
6 0.960156 0.671759 0.014063 0.028704
0 0.943490 0.715278 0.025521 0.036111
0 0.945833 0.670833 0.014583 0.019444
0 0.939063 0.622685 0.016667 0.013889
0 0.945833 0.612500 0.018750 0.017593
4 0.944792 0.463889 0.032292 0.024074
5 0.972656 0.979630 0.019271 0.027778
0 0.879427 0.913889 0.017188 0.025926
0 0.555469 0.509722 0.011979 0.019444
6 0.369792 0.812037 0.015625 0.040741
