0 0.033854 0.827778 0.013542 0.011111
0 0.020052 0.953241 0.007812 0.031481
4 0.015625 0.943519 0.018229 0.035185
5 0.022135 0.700926 0.017708 0.041667
6 0.048177 0.581944 0.008333 0.017593
6 0.094531 0.563426 0.010937 0.032407
6 0.145573 0.532407 0.006250 0.025926
0 0.147396 0.517593 0.012500 0.013889
0 0.081771 0.972685 0.009375 0.019444
5 0.194531 0.969907 0.010937 0.021296
2 0.424479 0.981944 0.032292 0.023148
0 0.515885 0.931944 0.010417 0.026852
4 0.500260 0.882407 0.009896 0.009259
0 0.036198 0.329630 0.007292 0.017593
0 0.052865 0.240741 0.007812 0.014815
2 0.476562 0.478704 0.023958 0.041667
0 0.771094 0.725463 0.009896 0.021296
2 0.762760 0.448611 0.012500 0.023148
4 0.723177 0.495833 0.006771 0.023148
0 0.730208 0.474074 0.004687 0.009259
0 0.740365 0.742130 0.006771 0.012963
