5 0.659375 0.338426 0.039583 0.073148
2 0.362240 0.912037 0.036979 0.059259
0 0.595833 0.937037 0.018750 0.035185
2 0.758594 0.713426 0.034896 0.054630
6 0.660417 0.744907 0.021875 0.041667
6 0.737760 0.507407 0.025521 0.031481
2 0.190885 0.498148 0.035937 0.061111
6 0.226823 0.264815 0.020313 0.029630
0 0.540365 0.765278 0.018229 0.034259
0 0.000065 0.000887 0.000035 0.000146
0 0.149479 0.219444 0.018750 0.074074
0 0.043229 0.913889 0.012500 0.029630
7 0.250000 0.693519 0.009375 0.018519
0 0.319271 0.654630 0.016667 0.022222
2 0.516146 0.509722 0.039583 0.058333
6 0.620052 0.580556 0.025521 0.035185
5 0.566927 0.717593 0.030729 0.044444
2 0.836458 0.369444 0.057292 0.075926
5 0.574479 0.443056 0.041667 0.052778
2 0.329167 0.781944 0.034375 0.032407
0 0.251302 0.447222 0.024479 0.025926
5 0.409896 0.205093 0.029167 0.034259
0 0.701042 0.701389 0.019792 0.037963
