0 0.174219 0.780556 0.010417 0.017593
0 0.161198 0.715741 0.010417 0.026852
6 0.246354 0.607407 0.014583 0.025926
6 0.153385 0.259722 0.010417 0.019444
5 0.187760 0.842130 0.019271 0.044444
2 0.607812 0.675463 0.028646 0.061111
2 0.498958 0.533333 0.031250 0.055556
6 0.345052 0.189815 0.009375 0.023148
0 0.527344 0.238889 0.007292 0.023148
4 0.710417 0.166667 0.009375 0.050000
0 0.672135 0.284259 0.014583 0.032407
0 0.927604 0.242130 0.007292 0.049074
5 0.895052 0.291667 0.024479 0.075000
5 0.966927 0.353704 0.008333 0.047222
0 0.964323 0.540278 0.010417 0.035185
5 0.759115 0.560185 0.015625 0.044444
0 0.976042 0.600463 0.002604 0.021296
2 0.961979 0.612500 0.016667 0.059259
5 0.891146 0.989352 0.018229 0.021296
0 0.977344 0.729167 0.010937 0.025926
0 0.982292 0.602315 0.006250 0.012037
0 0.996094 0.262037 0.007812 0.022222
0 0.986458 0.193056 0.007812 0.025000
5 0.957292 0.214815 0.009375 0.031481
0 0.995833 0.189815 0.008333 0.021296
0 0.996354 0.336111 0.007292 0.023148
4 0.931250 0.254167 0.010937 0.026852
