0 0.170052 0.162963 0.013021 0.028704
6 0.232552 0.352315 0.017708 0.043519
6 0.307812 0.162500 0.021875 0.013889
6 0.292708 0.719907 0.026042 0.051852
6 0.259896 0.967593 0.009896 0.024074
4 0.484375 0.143056 0.009375 0.056481
5 0.666927 0.238426 0.017188 0.022222
6 0.715104 0.367130 0.019792 0.038889
5 0.623177 0.310648 0.019792 0.059259
0 0.556510 0.635648 0.012500 0.043519
7 0.899740 0.188426 0.016667 0.040741
0 0.808854 0.095370 0.011979 0.018519
6 0.889323 0.442130 0.011458 0.021296
0 0.776823 0.437037 0.010937 0.015741
0 0.905208 0.510648 0.009375 0.014815
0 0.855469 0.462037 0.007292 0.011111
0 0.872917 0.871296 0.013021 0.021296
0 0.727083 0.833796 0.009375 0.026852
0 0.795573 0.906019 0.010937 0.026852
