5 0.707292 0.206481 0.036458 0.038889
6 0.597917 0.248611 0.021875 0.037963
0 0.574740 0.218981 0.018229 0.032407
0 0.639844 0.259259 0.010937 0.020370
0 0.588802 0.275000 0.019271 0.027778
0 0.588021 0.293981 0.018750 0.025000
5 0.629167 0.695370 0.025000 0.035185
0 0.432292 0.522685 0.015625 0.025000
0 0.463281 0.581481 0.016146 0.051852
5 0.444792 0.551389 0.030208 0.039815
5 0.447396 0.644444 0.027083 0.044444
0 0.545052 0.721296 0.021354 0.040741
5 0.562760 0.807870 0.027604 0.028704
5 0.235156 0.378704 0.019271 0.037037
0 0.435937 0.349074 0.012500 0.029630
2 0.333854 0.412037 0.035417 0.055556
4 0.416406 0.423148 0.017188 0.029630
0 0.423698 0.482870 0.021354 0.030556
0 0.313021 0.336111 0.016667 0.031481
0 0.270313 0.335648 0.019792 0.028704
3 0.419531 0.858796 0.018229 0.032407
5 0.298698 0.890741 0.033854 0.050000
0 0.375260 0.901852 0.026562 0.040741
0 0.386719 0.946759 0.028646 0.025000
6 0.621615 0.900000 0.025521 0.040741
0 0.608854 0.833333 0.032292 0.018519
5 0.393490 0.974537 0.022396 0.050926
3 0.457813 0.961111 0.016667 0.024074
0 0.332292 0.975463 0.015625 0.032407
0 0.326823 0.344907 0.011979 0.025000
6 0.833333 0.455556 0.028125 0.037037
0 0.939844 0.463426 0.019271 0.028704
0 0.970573 0.311574 0.021354 0.028704
2 0.373958 0.633796 0.037500 0.052778
