5 0.780729 0.458796 0.045833 0.058333
5 0.732552 0.652778 0.028646 0.068519
5 0.277865 0.406944 0.040104 0.047222
5 0.797135 0.823611 0.038021 0.063889
6 0.543229 0.493056 0.028125 0.032407
3 0.149219 0.829167 0.022396 0.032407
0 0.186458 0.166204 0.027083 0.039815
5 0.299219 0.840278 0.024479 0.034259
2 0.190625 0.501389 0.029167 0.049074
5 0.062760 0.836574 0.026562 0.032407
0 0.330729 0.391667 0.018750 0.031481
0 0.339323 0.705556 0.027604 0.057407
0 0.582031 0.512037 0.014063 0.024074
5 0.683073 0.131944 0.022396 0.037963
0 0.416406 0.640741 0.019271 0.024074
0 0.334635 0.878704 0.029687 0.040741
0 0.402344 0.565741 0.015104 0.029630
0 0.274479 0.069444 0.015625 0.022222
0 0.106510 0.546759 0.015104 0.019444
0 0.143490 0.378704 0.019271 0.031481
3 0.360417 0.596759 0.021875 0.021296
0 0.353646 0.587037 0.011458 0.018519
0 0.364323 0.542593 0.007812 0.012963
0 0.309115 0.650463 0.013021 0.026852
3 0.245833 0.889815 0.010417 0.022222
0 0.467969 0.419444 0.015104 0.012963
5 0.980208 0.772685 0.027083 0.034259
0 0.417708 0.639815 0.017708 0.016667
4 0.333594 0.878241 0.028646 0.034259
5 0.401302 0.566204 0.014063 0.026852
0 0.366927 0.562963 0.023438 0.025926
0 0.273438 0.069907 0.014583 0.021296
