5 0.194010 0.129167 0.030729 0.037963
0 0.265104 0.097222 0.017708 0.029630
0 0.264844 0.132407 0.024479 0.031481
0 0.248438 0.306481 0.017708 0.038889
0 0.067708 0.477315 0.011458 0.015741
0 0.066146 0.495833 0.012500 0.017593
6 0.024219 0.513889 0.025521 0.020370
0 0.078646 0.664815 0.015625 0.018519
0 0.067969 0.681944 0.014063 0.015741
0 0.259635 0.774074 0.024479 0.027778
5 0.341667 0.918981 0.035417 0.047222
0 0.479167 0.835648 0.021875 0.037963
5 0.161719 0.850926 0.032813 0.051852
5 0.150781 0.914352 0.018229 0.045370
5 0.147135 0.908333 0.031771 0.038889
0 0.130208 0.850926 0.028125 0.040741
2 0.248698 0.675463 0.027604 0.054630
0 0.742708 0.580093 0.016667 0.034259
5 0.724479 0.629167 0.022917 0.050926
0 0.754687 0.653704 0.018750 0.035185
5 0.707292 0.718519 0.040625 0.059259
3 0.665625 0.247685 0.025000 0.039815
0 0.661198 0.215278 0.026562 0.036111
4 0.856771 0.350000 0.026042 0.044444
6 0.828646 0.953241 0.015625 0.028704
0 0.777344 0.870370 0.010937 0.018519
0 0.000168 0.000923 0.000007 0.000038
5 0.234896 0.847222 0.027083 0.044444
0 0.643229 0.139352 0.014583 0.026852
0 0.477344 0.105093 0.016146 0.041667
0 0.762760 0.549074 0.014063 0.018519
0 0.710677 0.590278 0.019271 0.015741
0 0.835417 0.700463 0.014583 0.032407
0 0.113281 0.155556 0.016146 0.012963
