0 0.284896 0.606019 0.052083 0.082407
5 0.241927 0.170370 0.043229 0.085185
2 0.163802 0.831019 0.066146 0.086111
6 0.352865 0.533333 0.028646 0.048148
5 0.235937 0.297222 0.029167 0.053704
5 0.927604 0.932870 0.018750 0.032407
0 0.317188 0.896759 0.015625 0.028704
6 0.982812 0.439352 0.019792 0.026852
0 0.425260 0.482407 0.022396 0.051852
2 0.713802 0.902778 0.031771 0.055556
0 0.878125 0.800926 0.023958 0.024074
5 0.662760 0.962037 0.031771 0.064815
2 0.380208 0.677778 0.028125 0.046296
5 0.757812 0.172685 0.034375 0.026852
0 0.663542 0.871759 0.028125 0.047222
0 0.433333 0.334259 0.014583 0.035185
0 0.452083 0.453241 0.017708 0.028704
3 0.278385 0.241667 0.016146 0.027778
0 0.167708 0.186111 0.015625 0.033333
0 0.652604 0.143519 0.017708 0.029630
5 0.645833 0.174074 0.013542 0.033333
2 0.552083 0.510648 0.023958 0.063889
5 0.846875 0.677315 0.022917 0.028704
0 0.277604 0.811111 0.016667 0.038889
0 0.097917 0.449074 0.019792 0.035185
0 0.880469 0.690278 0.029687 0.039815
0 0.763021 0.600000 0.020833 0.038889
