3 0.569010 0.600000 0.031771 0.050000
5 0.710156 0.551389 0.036979 0.063889
3 0.469271 0.770370 0.043750 0.066667
6 0.502865 0.955556 0.026562 0.059259
5 0.479427 0.946296 0.026562 0.048148
2 0.414583 0.324537 0.032292 0.097222
4 0.163802 0.462500 0.007812 0.047222
0 0.139844 0.393519 0.013021 0.024074
0 0.262500 0.616204 0.016667 0.019444
0 0.269271 0.722685 0.016667 0.032407
5 0.288021 0.924537 0.027083 0.056481
0 0.277083 0.882870 0.008333 0.015741
2 0.297656 0.487963 0.039062 0.059259
4 0.325781 0.437500 0.032813 0.023148
0 0.559375 0.643056 0.025000 0.025000
2 0.891146 0.556019 0.027083 0.052778
