2 0.229687 0.185648 0.021875 0.036111
0 0.014583 0.313426 0.013542 0.010185
0 0.010677 0.217593 0.020313 0.020370
5 0.063542 0.193981 0.016667 0.037963
0 0.041927 0.309722 0.015104 0.026852
0 0.258854 0.268519 0.026042 0.033333
5 0.263281 0.233333 0.016146 0.027778
6 0.476302 0.606019 0.019271 0.032407
6 0.540104 0.700463 0.023958 0.034259
2 0.538281 0.401389 0.036979 0.032407
0 0.142448 0.753241 0.018229 0.037963
2 0.506771 0.178704 0.023958 0.035185
2 0.694271 0.135648 0.025000 0.039815
0 0.726042 0.134259 0.020833 0.025926
0 0.673958 0.616204 0.027083 0.015741
0 0.666406 0.544444 0.013021 0.025926
0 0.896094 0.399537 0.011979 0.025000
5 0.943229 0.914352 0.025000 0.028704
6 0.930208 0.979167 0.018750 0.025000
5 0.863802 0.923611 0.024479 0.054630
5 0.899219 0.837963 0.016146 0.024074
2 0.899740 0.755093 0.016146 0.043519
6 0.641667 0.818056 0.014583 0.034259
2 0.784375 0.980093 0.021875 0.039815
6 0.152865 0.904630 0.018229 0.035185
0 0.331250 0.909722 0.014583 0.019444
2 0.331510 0.939815 0.016146 0.031481
2 0.885677 0.765278 0.021354 0.041667
