3 0.160677 0.215741 0.029167 0.072222
5 0.119531 0.431019 0.020833 0.058333
0 0.040104 0.387500 0.017708 0.030556
0 0.206771 0.339815 0.010417 0.015741
0 0.358073 0.570833 0.011979 0.022222
0 0.047656 0.725926 0.010417 0.025926
7 0.018229 0.435185 0.004167 0.010185
0 0.391406 0.555556 0.007292 0.013889
5 0.179427 0.672222 0.012500 0.038889
0 0.199740 0.630093 0.009375 0.017593
0 0.697396 0.848148 0.014583 0.027778
0 0.810156 0.772222 0.016667 0.029630
0 0.794792 0.773148 0.010937 0.016667
0 0.788021 0.790741 0.012500 0.038889
7 0.367708 0.306944 0.006771 0.014815
0 0.315365 0.807870 0.015625 0.026852
0 0.150260 0.085648 0.016667 0.023148
4 0.346354 0.369907 0.006771 0.065741
3 0.162500 0.252315 0.009896 0.015741
