5 0.082292 0.829630 0.020833 0.027778
5 0.047917 0.738426 0.023438 0.037963
5 0.244271 0.599074 0.009896 0.041667
6 0.250521 0.961574 0.009375 0.020370
4 0.065104 0.220833 0.015625 0.011111
5 0.247917 0.227315 0.015104 0.039815
5 0.345052 0.193056 0.030208 0.049074
5 0.279427 0.171759 0.029687 0.022222
0 0.264583 0.409722 0.024479 0.024074
4 0.299479 0.618056 0.020833 0.037037
5 0.383333 0.887963 0.016667 0.057407
5 0.602344 0.634259 0.020313 0.052778
0 0.383333 0.463426 0.009896 0.027778
6 0.815365 0.337500 0.009896 0.038889
5 0.908854 0.517130 0.010417 0.037963
4 0.333594 0.752778 0.008854 0.031481
