6 0.501823 0.059722 0.011979 0.041667
5 0.657813 0.062037 0.012500 0.024074
6 0.629948 0.185185 0.016146 0.024074
6 0.547396 0.176852 0.018750 0.027778
0 0.472396 0.079167 0.013542 0.023148
5 0.464062 0.305556 0.015625 0.020370
6 0.311719 0.514815 0.019271 0.027778
2 0.294792 0.702315 0.022917 0.037963
2 0.803906 0.735185 0.022396 0.040741
0 0.929948 0.927315 0.015104 0.021296
0 0.944010 0.813889 0.014063 0.018519
0 0.944271 0.839352 0.014583 0.021296
0 0.784115 0.948148 0.010937 0.020370
4 0.365365 0.723148 0.034896 0.033333
0 0.394531 0.877315 0.044271 0.087963
0 0.295573 0.772222 0.019271 0.024074
2 0.261198 0.757407 0.031771 0.035185
0 0.343229 0.900926 0.012500 0.020370
0 0.785417 0.902778 0.020833 0.037037
4 0.475781 0.374074 0.036979 0.016667
