2 0.750781 0.670486 0.050781 0.072917
7 0.474219 0.559722 0.019531 0.031944
6 0.665430 0.234722 0.033203 0.054167
5 0.601758 0.094444 0.031641 0.050000
0 0.256445 0.206597 0.018359 0.036806
5 0.274805 0.919444 0.019922 0.037500
4 0.330469 0.945486 0.027344 0.031250
0 0.540430 0.883333 0.019922 0.027778
5 0.674219 0.946528 0.027344 0.038889
0 0.837891 0.847222 0.019531 0.038889
5 0.629297 0.160764 0.017969 0.028472
0 0.977539 0.121181 0.030078 0.034028
0 0.221875 0.817361 0.020313 0.034722
0 0.103906 0.681944 0.013281 0.031944
0 0.081641 0.768056 0.013281 0.022222
