5 0.664583 0.764815 0.035417 0.044444
6 0.654948 0.827778 0.010937 0.037037
0 0.608073 0.882407 0.010937 0.020370
0 0.586719 0.731481 0.017188 0.024074
0 0.552083 0.652315 0.011458 0.021296
0 0.883594 0.870833 0.023438 0.032407
2 0.486979 0.254167 0.023958 0.032407
6 0.570573 0.227315 0.018229 0.041667
0 0.557031 0.262963 0.013021 0.022222
0 0.572135 0.263889 0.018229 0.014815
6 0.769271 0.350000 0.018750 0.024074
2 0.698438 0.817593 0.021875 0.055556
2 0.512240 0.588426 0.019271 0.043519
0 0.566667 0.800000 0.008333 0.012963
0 0.598437 0.931019 0.010417 0.019444
0 0.611719 0.923148 0.016146 0.033333
5 0.534375 0.376852 0.019792 0.048148
5 0.571615 0.954167 0.016146 0.037963
0 0.504427 0.412963 0.015104 0.029630
4 0.490365 0.460648 0.020313 0.067593
