2 0.472396 0.462963 0.037500 0.053704
6 0.332292 0.650463 0.025000 0.030556
5 0.343229 0.652315 0.015625 0.030556
0 0.469792 0.405556 0.015625 0.029630
4 0.375000 0.176389 0.020833 0.028704
0 0.351823 0.118519 0.016146 0.022222
0 0.367448 0.094444 0.014063 0.020370
6 0.421354 0.114352 0.025000 0.075000
0 0.427604 0.126852 0.020833 0.027778
0 0.470573 0.085185 0.016146 0.012963
6 0.494010 0.205556 0.019271 0.051852
5 0.453906 0.718981 0.018229 0.043519
5 0.458594 0.745833 0.031771 0.032407
0 0.457813 0.910185 0.017708 0.051852
2 0.488281 0.769907 0.023438 0.075000
2 0.234635 0.622222 0.034896 0.061111
0 0.137240 0.955093 0.022396 0.041667
4 0.108854 0.349074 0.017708 0.035185
6 0.211458 0.426389 0.027083 0.025000
6 0.219010 0.471296 0.025521 0.037037
5 0.061979 0.543519 0.062500 0.051852
0 0.128125 0.333796 0.023958 0.041667
0 0.581771 0.784259 0.055208 0.031481
5 0.882552 0.911574 0.033854 0.039815
6 0.808073 0.914352 0.023438 0.037963
6 0.813542 0.973611 0.017708 0.028704
0 0.844271 0.900000 0.021875 0.024074
2 0.850781 0.612963 0.020313 0.042593
5 0.748437 0.310185 0.025000 0.055556
0 0.788021 0.304167 0.016667 0.025000
6 0.802604 0.234722 0.025000 0.043519
5 0.981771 0.373148 0.036458 0.037037
6 0.821354 0.177315 0.027083 0.034259
5 0.190365 0.189352 0.023438 0.032407
4 0.325781 0.607407 0.036979 0.027778
5 0.676302 0.209259 0.028646 0.035185
0 0.770312 0.181481 0.014583 0.022222
0 0.770833 0.141667 0.027083 0.024074
0 0.478906 0.143981 0.016146 0.045370
0 0.481771 0.104630 0.016667 0.024074
0 0.461979 0.215278 0.014583 0.019444
6 0.450000 0.205556 0.015625 0.037037
