5 0.301563 0.152778 0.032292 0.048148
5 0.546615 0.373611 0.035937 0.049074
5 0.056250 0.344444 0.020833 0.033333
7 0.328385 0.251852 0.025521 0.040741
6 0.063542 0.631944 0.020833 0.032407
2 0.134896 0.594907 0.023958 0.041667
2 0.524740 0.214352 0.032813 0.052778
3 0.634375 0.154167 0.014583 0.025000
8 0.655469 0.725463 0.016146 0.028704
8 0.538802 0.776389 0.016146 0.034259
0 0.220052 0.318519 0.026562 0.037037
5 0.592448 0.173611 0.019271 0.030556
0 0.524219 0.443519 0.023438 0.038889
0 0.685156 0.433796 0.036979 0.039815
5 0.635156 0.880556 0.021354 0.061111
0 0.034896 0.303704 0.020833 0.022222
0 0.107813 0.324074 0.010417 0.016667
4 0.241146 0.197685 0.011458 0.037963
0 0.028906 0.540741 0.016146 0.020370
0 0.010417 0.575463 0.007292 0.015741
0 0.089063 0.669907 0.025000 0.021296
0 0.010417 0.672222 0.007292 0.014815
0 0.025521 0.758796 0.017708 0.017593
0 0.072135 0.610185 0.011979 0.018519
0 0.032292 0.241204 0.014583 0.023148
0 0.487240 0.712500 0.008854 0.015741
0 0.516146 0.702778 0.015625 0.020370
5 0.564063 0.623148 0.021875 0.018519
5 0.501302 0.792130 0.017188 0.021296
0 0.534896 0.496759 0.015625 0.023148
