6 0.616927 0.849074 0.030729 0.040741
5 0.954167 0.418056 0.028125 0.037963
0 0.760677 0.914352 0.015104 0.025000
2 0.203125 0.843056 0.021875 0.049074
5 0.367188 0.743056 0.038542 0.071296
6 0.581510 0.616204 0.023438 0.034259
3 0.866406 0.868519 0.019271 0.024074
5 0.406250 0.777315 0.023958 0.047222
0 0.830469 0.310648 0.015104 0.025000
6 0.905990 0.598148 0.020313 0.024074
6 0.468750 0.556944 0.016667 0.037963
2 0.864062 0.658796 0.025000 0.030556
3 0.584635 0.466667 0.025521 0.051852
6 0.644271 0.355556 0.028125 0.044444
2 0.710677 0.867130 0.027604 0.062037
2 0.884635 0.717130 0.032813 0.043519
2 0.860677 0.390741 0.042188 0.051852
4 0.838281 0.717130 0.014063 0.013889
2 0.871354 0.782870 0.016667 0.041667
6 0.391406 0.580556 0.010937 0.016667
