5 0.688021 0.075463 0.016667 0.040741
5 0.667708 0.068981 0.019271 0.062037
5 0.554948 0.391204 0.018750 0.030556
0 0.600521 0.301852 0.010417 0.027778
5 0.583594 0.268519 0.021354 0.046296
6 0.620833 0.293056 0.020313 0.034259
0 0.599219 0.220833 0.014583 0.025000
5 0.406510 0.093981 0.014063 0.038889
0 0.813802 0.149537 0.006771 0.012963
3 0.660156 0.045833 0.013021 0.017593
0 0.694271 0.020833 0.014583 0.020370
3 0.641927 0.040278 0.009375 0.014815
0 0.654167 0.209722 0.009896 0.025000
2 0.974479 0.580556 0.031771 0.075926
0 0.817448 0.567130 0.009896 0.023148
0 0.826302 0.754630 0.014583 0.019444
4 0.699479 0.697222 0.006771 0.049074
5 0.591667 0.691667 0.030208 0.026852
5 0.644531 0.790278 0.016667 0.024074
0 0.970052 0.513889 0.013021 0.016667
0 0.997656 0.282870 0.004687 0.025000
0 0.635938 0.926389 0.025521 0.049074
0 0.630990 0.879630 0.013542 0.013889
0 0.641406 0.855093 0.020313 0.030556
0 0.806510 0.863889 0.023958 0.037963
2 0.803646 0.905093 0.026042 0.035185
6 0.839583 0.870833 0.019792 0.040741
0 0.818750 0.945370 0.018229 0.050926
0 0.576302 0.467593 0.032292 0.041667
0 0.387760 0.608796 0.012500 0.024074
5 0.432552 0.703704 0.014583 0.034259
0 0.287760 0.752778 0.012500 0.023148
0 0.316927 0.849537 0.010417 0.023148
0 0.337500 0.920833 0.016146 0.022222
2 0.143750 0.728704 0.018229 0.037037
0 0.169010 0.805556 0.016146 0.024074
4 0.262500 0.668981 0.011979 0.049074
0 0.163542 0.534722 0.007812 0.014815
0 0.269010 0.462500 0.008854 0.022222
5 0.069531 0.201852 0.015104 0.025926
0 0.040104 0.124074 0.011979 0.022222
0 0.028385 0.344444 0.009896 0.022222
2 0.435937 0.574537 0.034375 0.048148
0 0.522135 0.701389 0.014583 0.021296
0 0.650260 0.731481 0.008854 0.009259
0 0.697656 0.822222 0.013542 0.017593
0 0.741406 0.896296 0.010937 0.014815
0 0.702865 0.975926 0.019792 0.032407
5 0.329427 0.655093 0.018229 0.027778
5 0.080990 0.962037 0.016667 0.024074
0 0.094010 0.900463 0.019271 0.035185
5 0.066667 0.976852 0.009375 0.026852
0 0.179688 0.849074 0.005208 0.051852
0 0.171094 0.852778 0.008854 0.038889
0 0.132031 0.692130 0.008333 0.022222
0 0.365365 0.846296 0.005729 0.013889
0 0.397656 0.762963 0.013021 0.020370
0 0.484635 0.945833 0.014063 0.018519
0 0.141406 0.479167 0.013542 0.058333
0 0.150521 0.437037 0.007292 0.015741
0 0.038281 0.425926 0.006250 0.034259
0 0.948958 0.485648 0.009375 0.017593
0 0.742969 0.962037 0.011458 0.019444
0 0.395833 0.944444 0.033333 0.037037
0 0.526823 0.124074 0.005729 0.019444
0 0.557552 0.252778 0.007812 0.020370
0 0.013021 0.848611 0.005208 0.012037
0 0.005729 0.845833 0.009896 0.023148
0 0.101562 0.639815 0.013021 0.019444
0 0.102865 0.663426 0.013021 0.024074
0 0.138542 0.646759 0.016146 0.028704
