6 0.471094 0.783681 0.017969 0.032639
5 0.566602 0.883681 0.015625 0.033333
6 0.591992 0.830208 0.017188 0.031250
5 0.554492 0.791667 0.012891 0.033333
6 0.385937 0.132986 0.013281 0.023611
2 0.147461 0.919444 0.014063 0.031250
0 0.056250 0.936458 0.005859 0.013889
6 0.047852 0.865972 0.006641 0.015278
0 0.022656 0.453819 0.010547 0.019444
5 0.809961 0.249306 0.013672 0.045139
5 0.783008 0.304861 0.016797 0.039583
2 0.808594 0.638542 0.023438 0.056250
5 0.703711 0.763889 0.023438 0.028472
5 0.736914 0.877431 0.007812 0.027083
5 0.794727 0.898264 0.006641 0.028472
4 0.721680 0.090625 0.017578 0.045833
