5 0.450000 0.472685 0.025521 0.038889
6 0.419271 0.408333 0.007292 0.026852
6 0.470573 0.362500 0.018750 0.029630
0 0.491406 0.451852 0.011458 0.019444
0 0.468490 0.755093 0.016667 0.027778
0 0.623958 0.768056 0.011458 0.019444
0 0.175521 0.955556 0.006771 0.024074
6 0.190625 0.796296 0.008333 0.023148
2 0.311198 0.882870 0.031771 0.073148
2 0.308854 0.877778 0.031771 0.009259
0 0.475521 0.640278 0.010937 0.025000
0 0.525000 0.349537 0.010937 0.010185
0 0.683594 0.814815 0.008333 0.017593
5 0.750781 0.821296 0.022396 0.044444
5 0.799219 0.895833 0.022917 0.049074
2 0.978906 0.495370 0.016667 0.063889
3 0.198177 0.644444 0.009375 0.016667
