2 0.061198 0.932407 0.017188 0.037963
0 0.224479 0.752315 0.007812 0.020370
3 0.244531 0.681019 0.009375 0.032407
0 0.242448 0.708333 0.014583 0.052778
5 0.227604 0.521759 0.009375 0.054630
0 0.209635 0.372685 0.004687 0.017593
0 0.162500 0.126852 0.006771 0.014815
0 0.097135 0.081944 0.010937 0.020370
5 0.317188 0.233333 0.016667 0.031481
0 0.487500 0.118519 0.009375 0.021296
0 0.345573 0.937037 0.009896 0.025926
2 0.667708 0.810185 0.025000 0.041667
6 0.795052 0.612037 0.015104 0.023148
5 0.795312 0.550000 0.015104 0.027778
0 0.783333 0.524074 0.013021 0.031481
4 0.762240 0.375463 0.009375 0.054630
4 0.692708 0.331019 0.015625 0.013889
2 0.629687 0.348611 0.013542 0.072222
0 0.766146 0.211111 0.015104 0.021296
6 0.880469 0.339815 0.018229 0.041667
5 0.980469 0.357870 0.014063 0.039815
4 0.863542 0.533333 0.014583 0.025000
0 0.848437 0.553241 0.009375 0.020370
0 0.848958 0.537037 0.009896 0.015741
6 0.907813 0.693981 0.014583 0.031481
0 0.881771 0.634259 0.013542 0.019444
0 0.849740 0.576389 0.010937 0.012963
6 0.859635 0.751389 0.011458 0.023148
5 0.908333 0.898611 0.013021 0.047222
