6 0.368490 0.381944 0.019271 0.032407
4 0.260937 0.514815 0.038542 0.029630
5 0.666146 0.946296 0.033333 0.040741
6 0.330729 0.529167 0.017708 0.025000
5 0.323437 0.906481 0.017708 0.072222
0 0.336198 0.249537 0.017188 0.034259
2 0.754167 0.756481 0.041667 0.068519
4 0.242188 0.369907 0.016667 0.026852
0 0.578385 0.642130 0.007812 0.013889
0 0.572917 0.654167 0.008333 0.012037
2 0.567448 0.544907 0.026562 0.065741
0 0.696615 0.956944 0.021354 0.019444
0 0.388281 0.452778 0.008854 0.022222
0 0.389583 0.469907 0.006250 0.012037
0 0.322396 0.669907 0.015625 0.023148
