2 0.571875 0.227315 0.028125 0.039815
5 0.613802 0.207870 0.021354 0.039815
6 0.297917 0.600000 0.042708 0.057407
5 0.403906 0.564352 0.038021 0.062037
6 0.632812 0.668981 0.021875 0.047222
6 0.664583 0.325000 0.016667 0.037037
2 0.651042 0.333333 0.025000 0.038889
2 0.602344 0.287963 0.024479 0.038889
0 0.635156 0.308796 0.030729 0.021296
0 0.609115 0.326389 0.010937 0.021296
0 0.602344 0.358796 0.015104 0.021296
0 0.610938 0.361111 0.013542 0.014815
0 0.872656 0.385185 0.014063 0.018519
6 0.897396 0.493519 0.023958 0.031481
2 0.929427 0.749074 0.025521 0.061111
5 0.677604 0.863889 0.019792 0.042593
0 0.693490 0.895833 0.015104 0.032407
3 0.557552 0.796296 0.026562 0.022222
0 0.565625 0.806944 0.023958 0.030556
6 0.410417 0.708796 0.028125 0.049074
0 0.430729 0.624074 0.012500 0.020370
0 0.336198 0.883796 0.014063 0.026852
