5 0.040365 0.249537 0.009375 0.064815
2 0.102865 0.233333 0.022917 0.069444
3 0.182031 0.308796 0.015104 0.019444
0 0.107813 0.297685 0.009375 0.042593
0 0.008854 0.502778 0.017708 0.048148
2 0.126823 0.486111 0.025000 0.057407
6 0.057031 0.460648 0.011979 0.021296
0 0.114583 0.540741 0.014583 0.045370
0 0.123958 0.567130 0.011979 0.044444
6 0.167708 0.683796 0.014063 0.029630
0 0.015104 0.627778 0.009375 0.025000
0 0.024740 0.683796 0.010417 0.040741
0 0.041146 0.738426 0.010937 0.026852
0 0.042448 0.774537 0.011979 0.035185
0 0.179688 0.723611 0.016667 0.040741
2 0.098437 0.959259 0.028125 0.052778
0 0.050781 0.849074 0.019271 0.054630
0 0.112240 0.873611 0.011979 0.020370
4 0.365625 0.677315 0.008854 0.013889
5 0.398698 0.643981 0.012500 0.029630
6 0.506510 0.824537 0.032813 0.035185
0 0.690625 0.980556 0.023438 0.033333
4 0.451302 0.351852 0.010937 0.021296
3 0.491406 0.415741 0.010937 0.022222
