6 0.274219 0.815278 0.012500 0.025926
5 0.549219 0.926389 0.024479 0.052778
4 0.495312 0.656944 0.031771 0.022222
6 0.495052 0.638889 0.014063 0.030556
2 0.304948 0.403241 0.027083 0.059259
6 0.335938 0.406019 0.014583 0.012963
2 0.301302 0.336111 0.018750 0.050926
0 0.267188 0.361574 0.008854 0.017593
5 0.416146 0.271759 0.012500 0.026852
4 0.251042 0.261574 0.011979 0.045370
5 0.784375 0.209259 0.022396 0.030556
5 0.802604 0.234722 0.015104 0.044444
5 0.742969 0.197222 0.014583 0.024074
0 0.718229 0.417130 0.021354 0.045370
0 0.746354 0.247685 0.011979 0.028704
0 0.741667 0.281944 0.010937 0.013889
2 0.733854 0.227315 0.015625 0.017593
0 0.847396 0.388889 0.012500 0.029630
5 0.938802 0.512037 0.011979 0.056481
5 0.822656 0.675463 0.022396 0.036111
0 0.752083 0.672222 0.025000 0.046296
5 0.669531 0.857407 0.021875 0.042593
5 0.773438 0.756481 0.016667 0.029630
5 0.797135 0.988426 0.015104 0.023148
0 0.746094 0.705093 0.017188 0.042593
0 0.751042 0.743519 0.010417 0.024074
5 0.732031 0.900463 0.009375 0.049074
0 0.995833 0.858796 0.008333 0.033333
0 0.996615 0.780556 0.006771 0.022222
