2 0.346875 0.536111 0.040625 0.090741
5 0.686979 0.321759 0.040625 0.101852
0 0.026823 0.953241 0.007292 0.020370
0 0.087760 0.595370 0.007292 0.026852
0 0.172917 0.671759 0.006771 0.017593
0 0.103646 0.680093 0.005208 0.029630
5 0.160417 0.350926 0.028125 0.042593
0 0.120573 0.240278 0.002604 0.019444
0 0.205469 0.381944 0.007812 0.015741
0 0.146615 0.399537 0.007812 0.014815
0 0.035677 0.588426 0.005208 0.017593
0 0.121094 0.581481 0.004687 0.014815
2 0.296875 0.880556 0.023438 0.050000
0 0.460677 0.292130 0.007812 0.025000
5 0.291146 0.224074 0.052083 0.039815
