0 0.089063 0.840278 0.006771 0.024074
0 0.169271 0.748611 0.013542 0.025000
0 0.400781 0.986574 0.015104 0.018519
0 0.596875 0.767593 0.005208 0.017593
5 0.404687 0.531944 0.022917 0.031481
0 0.517188 0.309722 0.015625 0.018519
5 0.812500 0.198611 0.022396 0.051852
0 0.879948 0.296759 0.010937 0.022222
1 0.720052 0.377315 0.039062 0.046296
5 0.786198 0.371759 0.013542 0.044444
5 0.714844 0.470370 0.014583 0.050000
0 0.921354 0.534722 0.010417 0.020370
4 0.748177 0.593981 0.020313 0.037963
0 0.891927 0.699074 0.008333 0.022222
5 0.734896 0.650000 0.022917 0.025000
