2 0.492188 0.140278 0.051042 0.106481
6 0.406771 0.182407 0.026042 0.040741
6 0.246875 0.279630 0.017708 0.022222
0 0.201042 0.419444 0.018750 0.035185
0 0.227604 0.605556 0.020833 0.031481
0 0.208594 0.526852 0.054688 0.038889
5 0.148177 0.562963 0.029687 0.029630
5 0.287240 0.200000 0.025521 0.053704
0 0.278646 0.249074 0.014583 0.035185
0 0.154948 0.275000 0.019271 0.027778
6 0.149740 0.218519 0.027604 0.031481
0 0.369792 0.534722 0.013542 0.021296
0 0.753125 0.525926 0.022917 0.022222
0 0.817187 0.540278 0.010417 0.019444
6 0.764062 0.697685 0.020833 0.049074
5 0.936198 0.835648 0.017188 0.041667
0 0.142969 0.661111 0.017188 0.024074
6 0.233854 0.704630 0.014583 0.024074
5 0.252083 0.748148 0.023958 0.031481
0 0.241406 0.898148 0.019271 0.035185
0 0.860417 0.222222 0.014583 0.022222
2 0.364844 0.590278 0.023438 0.089815
2 0.294792 0.391667 0.022917 0.044444
0 0.206250 0.304630 0.023958 0.031481
