5 0.109896 0.206481 0.021875 0.040741
5 0.427604 0.335185 0.039583 0.042593
6 0.697917 0.433796 0.028125 0.043519
7 0.736979 0.375926 0.014583 0.022222
0 0.976562 0.287500 0.013542 0.015741
0 0.918229 0.430093 0.015625 0.023148
6 0.869010 0.384722 0.017188 0.025000
2 0.807552 0.552778 0.055729 0.111111
5 0.712500 0.571296 0.031250 0.062963
0 0.891406 0.674074 0.040104 0.051852
5 0.777865 0.662037 0.029687 0.035185
0 0.729688 0.614352 0.015625 0.017593
0 0.808333 0.608796 0.019792 0.025000
0 0.725521 0.658796 0.029167 0.032407
0 0.860677 0.790278 0.025521 0.028704
6 0.819531 0.948611 0.013021 0.021296
8 0.797656 0.887500 0.045312 0.076852
0 0.709635 0.984722 0.010937 0.026852
3 0.553646 0.662963 0.017708 0.025926
5 0.453906 0.807870 0.018229 0.065741
0 0.207292 0.614352 0.026042 0.041667
