2 0.390885 0.530556 0.033854 0.048148
6 0.684115 0.374074 0.020313 0.031481
0 0.680990 0.527315 0.031771 0.032407
2 0.682813 0.624074 0.029167 0.048148
0 0.728906 0.590741 0.022396 0.024074
5 0.652344 0.535648 0.019271 0.025000
5 0.488542 0.310185 0.011458 0.020370
0 0.404167 0.564815 0.008333 0.012963
0 0.336458 0.221296 0.006250 0.024074
5 0.072396 0.443981 0.023958 0.034259
0 0.919010 0.271296 0.014063 0.025926
5 0.923438 0.393056 0.016667 0.017593
3 0.420573 0.746296 0.018229 0.031481
0 0.369271 0.716667 0.010417 0.033333
0 0.913281 0.941667 0.016146 0.031481
0 0.991927 0.565741 0.010937 0.024074
0 0.048698 0.449537 0.004687 0.008333
