6 0.276302 0.916204 0.024479 0.032407
6 0.829427 0.928704 0.016146 0.033333
6 0.401042 0.965741 0.023958 0.033333
0 0.302344 0.877778 0.031771 0.066667
0 0.425000 0.435648 0.037500 0.052778
6 0.408073 0.546296 0.023438 0.038889
6 0.425781 0.598148 0.028646 0.057407
6 0.515885 0.762963 0.031771 0.050000
5 0.468229 0.513426 0.023958 0.069444
6 0.596875 0.781944 0.015625 0.032407
5 0.621615 0.437500 0.032813 0.032407
0 0.584375 0.575926 0.040625 0.040741
0 0.559635 0.231944 0.009896 0.019444
0 0.457292 0.492130 0.025000 0.045370
0 0.442188 0.540741 0.013542 0.029630
0 0.672135 0.933796 0.021354 0.025000
5 0.664323 0.817593 0.017188 0.038889
0 0.371354 0.904630 0.010417 0.022222
5 0.271615 0.752315 0.017188 0.026852
0 0.027083 0.660185 0.025000 0.035185
0 0.192708 0.451389 0.014583 0.034259
0 0.053125 0.307407 0.018750 0.014815
