2 0.476562 0.273148 0.048958 0.092593
5 0.512240 0.138889 0.041146 0.042593
0 0.144531 0.708333 0.014063 0.027778
5 0.153906 0.735185 0.024479 0.038889
0 0.014323 0.558333 0.016146 0.024074
6 0.129427 0.560648 0.026562 0.032407
0 0.529427 0.709259 0.014063 0.009259
0 0.524479 0.824074 0.012500 0.029630
0 0.574740 0.888889 0.014063 0.035185
6 0.484375 0.803704 0.019792 0.042593
0 0.459635 0.802315 0.015104 0.015741
6 0.547396 0.628241 0.018750 0.028704
2 0.844792 0.730093 0.032292 0.036111
5 0.814583 0.886111 0.023958 0.038889
6 0.811198 0.829630 0.015104 0.027778
5 0.766927 0.826389 0.018229 0.023148
5 0.785937 0.617130 0.046875 0.058333
0 0.772656 0.705093 0.025521 0.039815
0 0.760677 0.678704 0.025521 0.037037
0 0.749740 0.460648 0.015104 0.026852
5 0.839844 0.549537 0.010937 0.023148
0 0.901563 0.293519 0.011458 0.027778
5 0.964583 0.194907 0.012500 0.021296
5 0.763281 0.248148 0.032813 0.040741
5 0.544271 0.668519 0.048958 0.050000
0 0.522135 0.536574 0.038021 0.054630
5 0.190625 0.825463 0.026042 0.078704
0 0.068750 0.887500 0.019792 0.026852
0 0.084115 0.985648 0.016146 0.028704
0 0.041667 0.945833 0.025000 0.026852
0 0.342448 0.939815 0.024479 0.037037
5 0.110937 0.894444 0.032292 0.038889
5 0.094010 0.895833 0.022396 0.019444
0 0.051562 0.966667 0.014583 0.014815
6 0.000477 0.000924 0.000004 0.000023
