6 0.034180 0.290625 0.012109 0.021528
2 0.160547 0.610764 0.018750 0.068056
0 0.062305 0.665625 0.006250 0.029861
0 0.198242 0.740278 0.005078 0.036806
5 0.274023 0.821528 0.039844 0.066667
0 0.232227 0.973958 0.007422 0.014583
0 0.202148 0.924653 0.012109 0.011111
0 0.361719 0.856597 0.017578 0.026389
0 0.613867 0.868403 0.008594 0.017361
5 0.639062 0.942014 0.021875 0.031250
5 0.644922 0.976736 0.019922 0.033333
3 0.488086 0.744792 0.009766 0.026389
5 0.345313 0.674306 0.020313 0.054167
0 0.345898 0.649306 0.013281 0.015972
5 0.451758 0.616667 0.028906 0.053472
0 0.379688 0.618403 0.011719 0.015278
0 0.510156 0.184375 0.007422 0.017361
5 0.586328 0.074653 0.012109 0.022917
5 0.595313 0.101042 0.009766 0.015278
0 0.706055 0.085069 0.005469 0.009722
6 0.644531 0.234028 0.026953 0.046528
6 0.710156 0.250347 0.014844 0.021528
5 0.788477 0.217014 0.011719 0.042361
0 0.779492 0.171528 0.013672 0.025000
0 0.813086 0.109722 0.007422 0.018750
6 0.782031 0.216667 0.007422 0.018750
0 0.794922 0.285069 0.008203 0.014583
6 0.848047 0.318750 0.013672 0.026389
4 0.783984 0.504861 0.021094 0.040278
6 0.740039 0.513889 0.006641 0.044444
0 0.798633 0.607292 0.009375 0.020833
0 0.782227 0.719444 0.008203 0.025694
0 0.800977 0.907292 0.011328 0.015278
5 0.715820 0.900694 0.019531 0.030556
0 0.666602 0.995486 0.007422 0.009028
6 0.656055 0.355208 0.009766 0.020833
5 0.894141 0.214583 0.013281 0.041667
5 0.007812 0.715278 0.011328 0.019444
