0 0.219792 0.625926 0.021875 0.035185
0 0.161458 0.394907 0.023958 0.032407
6 0.121875 0.705093 0.021875 0.036111
0 0.103906 0.192593 0.031771 0.029630
0 0.087500 0.752315 0.016667 0.028704
5 0.105990 0.650463 0.020313 0.036111
0 0.074479 0.629630 0.022917 0.040741
6 0.205469 0.372685 0.014063 0.021296
0 0.297135 0.798148 0.019271 0.029630
0 0.621875 0.710648 0.013542 0.023148
2 0.000198 0.000917 0.000017 0.000090
5 0.074740 0.635648 0.023438 0.041667
0 0.164062 0.393056 0.026042 0.030556
4 0.102604 0.195833 0.029167 0.030556
0 0.205990 0.266667 0.026562 0.064815
0 0.195833 0.203241 0.015625 0.017593
