6 0.476042 0.222222 0.021875 0.040741
2 0.428385 0.229167 0.015104 0.039815
6 0.350521 0.295370 0.025000 0.044444
0 0.410417 0.357407 0.023958 0.040741
0 0.357031 0.461111 0.029687 0.051852
0 0.358333 0.429630 0.018750 0.037037
0 0.315625 0.233333 0.023958 0.027778
0 0.301563 0.198148 0.031250 0.027778
0 0.298958 0.324537 0.019792 0.036111
0 0.317188 0.450926 0.016667 0.033333
5 0.308594 0.550463 0.019271 0.045370
0 0.301302 0.562963 0.036979 0.040741
0 0.374219 0.689815 0.035937 0.062963
2 0.048177 0.603241 0.046354 0.052778
5 0.063802 0.190741 0.031771 0.037037
0 0.055990 0.225926 0.019271 0.020370
0 0.058073 0.161111 0.013021 0.022222
5 0.509115 0.116667 0.024479 0.033333
0 0.567969 0.150000 0.017188 0.027778
0 0.643229 0.226389 0.029167 0.034259
0 0.680729 0.218056 0.018750 0.028704
0 0.645052 0.190741 0.017188 0.027778
6 0.584375 0.154167 0.022917 0.028704
0 0.599479 0.205556 0.010417 0.016667
0 0.600000 0.151852 0.008333 0.012963
5 0.632292 0.554167 0.017708 0.041667
6 0.700260 0.658796 0.024479 0.045370
6 0.719010 0.639815 0.018229 0.033333
0 0.621094 0.689352 0.016146 0.026852
2 0.727083 0.759259 0.031250 0.062963
0 0.334375 0.761574 0.017708 0.032407
0 0.658073 0.801389 0.017188 0.025000
0 0.659896 0.876852 0.021875 0.037037
0 0.690104 0.860648 0.026042 0.030556
2 0.561198 0.806481 0.023438 0.042593
0 0.596875 0.812963 0.018750 0.033333
0 0.380729 0.896759 0.018750 0.034259
5 0.332552 0.862963 0.027604 0.033333
0 0.371354 0.951389 0.016667 0.025000
0 0.355729 0.968981 0.010417 0.019444
2 0.352083 0.820370 0.053125 0.070370
0 0.342708 0.858333 0.011458 0.012963
0 0.691667 0.633333 0.010417 0.020370
0 0.582031 0.637037 0.013021 0.025926
0 0.581771 0.712963 0.016667 0.031481
0 0.595833 0.736574 0.010417 0.041667
5 0.887500 0.891204 0.030208 0.026852
0 0.865104 0.878241 0.023958 0.043519
5 0.858073 0.887963 0.030729 0.037037
0 0.854167 0.955556 0.025000 0.033333
0 0.828125 0.771296 0.022917 0.025926
0 0.792188 0.593981 0.022917 0.032407
0 0.759896 0.687963 0.015625 0.022222
0 0.781510 0.747222 0.011979 0.018519
0 0.816146 0.755093 0.019792 0.021296
0 0.793750 0.748611 0.016667 0.025000
0 0.458594 0.814352 0.028646 0.045370
0 0.411979 0.795833 0.020833 0.045370
5 0.622917 0.721296 0.029167 0.044444
2 0.971094 0.342593 0.042188 0.070370
5 0.943750 0.311574 0.032292 0.045370
0 0.966146 0.310185 0.022917 0.053704
0 0.955469 0.371296 0.021354 0.029630
0 0.830990 0.356481 0.021354 0.033333
0 0.866927 0.390278 0.030729 0.050926
0 0.819010 0.264352 0.027604 0.037963
0 0.519271 0.791204 0.009375 0.015741
0 0.628125 0.833333 0.015625 0.020370
0 0.575781 0.768056 0.030729 0.045370
