2 0.322135 0.144444 0.035937 0.050000
2 0.432812 0.176389 0.027083 0.054630
0 0.441667 0.081019 0.011458 0.023148
5 0.467448 0.092130 0.031771 0.049074
0 0.489323 0.070833 0.014063 0.043519
2 0.586458 0.339815 0.035417 0.044444
5 0.629427 0.269444 0.033854 0.035185
5 0.642448 0.323148 0.036979 0.055556
5 0.686979 0.311574 0.035417 0.052778
6 0.761458 0.104167 0.019792 0.028704
0 0.614844 0.131019 0.015104 0.036111
0 0.497917 0.304630 0.018750 0.074074
5 0.508854 0.318056 0.019792 0.043519
0 0.526563 0.311111 0.019792 0.040741
3 0.407813 0.431944 0.021875 0.025000
0 0.486198 0.152778 0.017188 0.025926
0 0.482031 0.118519 0.019271 0.020370
0 0.475260 0.112037 0.009896 0.035185
5 0.312500 0.589352 0.026042 0.069444
2 0.765885 0.760648 0.059896 0.080556
0 0.661719 0.971296 0.026562 0.044444
6 0.443229 0.957870 0.013542 0.034259
5 0.427865 0.935648 0.026562 0.052778
0 0.420833 0.738889 0.017708 0.027778
0 0.535417 0.837963 0.027083 0.035185
5 0.517188 0.983333 0.018750 0.033333
2 0.785937 0.980093 0.021875 0.039815
2 0.969531 0.561111 0.060937 0.083333
0 0.000520 0.000622 0.000019 0.000031
6 0.836719 0.903241 0.017188 0.034259
0 0.931771 0.925926 0.023958 0.025926
0 0.981250 0.311574 0.016667 0.026852
2 0.972656 0.275926 0.022396 0.035185
0 0.975000 0.244907 0.016667 0.021296
0 0.457292 0.899074 0.017708 0.031481
