5 0.920312 0.743056 0.035417 0.069444
2 0.719271 0.625463 0.054167 0.065741
6 0.242448 0.137500 0.025521 0.036111
0 0.381250 0.093056 0.025000 0.036111
5 0.758594 0.486574 0.025521 0.056481
5 0.116406 0.925000 0.025521 0.037037
6 0.202604 0.201389 0.019792 0.028704
0 0.572656 0.451389 0.023438 0.056481
0 0.294271 0.184722 0.018750 0.058333
6 0.880729 0.957407 0.020833 0.035185
0 0.458073 0.978241 0.020313 0.043519
6 0.198437 0.527778 0.018750 0.033333
4 0.633073 0.195370 0.015104 0.074074
2 0.416927 0.789352 0.038021 0.082407
6 0.980208 0.655556 0.019792 0.025926
0 0.482031 0.947685 0.015104 0.034259
0 0.185938 0.352315 0.010417 0.017593
0 0.208594 0.393056 0.008854 0.013889
0 0.008854 0.265278 0.015625 0.019444
0 0.175260 0.559722 0.009896 0.019444
0 0.120052 0.737500 0.020313 0.036111
0 0.526563 0.453241 0.012500 0.019444
0 0.539062 0.493056 0.016667 0.019444
0 0.517969 0.851852 0.005729 0.012963
0 0.528125 0.866204 0.011458 0.023148
0 0.666927 0.646759 0.024479 0.030556
3 0.696615 0.535648 0.014063 0.023148
0 0.686979 0.319444 0.011458 0.024074
0 0.795573 0.456944 0.014063 0.025000
