5 0.793750 0.495486 0.032031 0.043750
0 0.315234 0.828472 0.012500 0.030556
0 0.250586 0.746528 0.016797 0.026389
5 0.694922 0.694792 0.035937 0.120139
5 0.496094 0.653472 0.023438 0.037500
5 0.435742 0.092361 0.012891 0.037500
5 0.430273 0.129167 0.053516 0.076389
5 0.452734 0.151042 0.021094 0.046528
5 0.457422 0.105208 0.028125 0.034028
5 0.955664 0.686806 0.030859 0.022222
5 0.879687 0.621528 0.009375 0.029167
0 0.666016 0.825347 0.010156 0.020139
5 0.703125 0.880208 0.015625 0.020139
2 0.348242 0.607986 0.030859 0.035417
6 0.476953 0.514583 0.026562 0.026389
0 0.894141 0.678819 0.016406 0.024306
6 0.467773 0.434028 0.025391 0.037500
0 0.627539 0.512153 0.010547 0.011806
6 0.673047 0.665278 0.029687 0.048611
6 0.647266 0.597917 0.024219 0.041667
6 0.252539 0.744792 0.016797 0.025694
