2 0.394792 0.515741 0.043750 0.059259
2 0.288542 0.777778 0.039583 0.061111
5 0.072135 0.733796 0.035937 0.049074
5 0.882292 0.733796 0.021875 0.054630
2 0.182292 0.137037 0.035417 0.053704
5 0.475260 0.799537 0.015104 0.041667
6 0.394531 0.343519 0.026562 0.040741
0 0.295052 0.565278 0.019271 0.028704
5 0.666927 0.206944 0.026562 0.043519
5 0.129948 0.680093 0.018229 0.034259
6 0.238802 0.645833 0.019271 0.030556
0 0.901302 0.905556 0.017188 0.024074
0 0.652344 0.390278 0.029687 0.060185
0 0.679167 0.724074 0.014583 0.025926
0 0.287240 0.712037 0.024479 0.044444
0 0.578906 0.411111 0.021354 0.027778
2 0.390625 0.606944 0.023958 0.073148
5 0.614844 0.598148 0.016146 0.037037
2 0.712240 0.860185 0.020313 0.040741
2 0.954427 0.970833 0.021354 0.041667
2 0.649740 0.385185 0.033854 0.062963
0 0.674740 0.313426 0.023438 0.017593
0 0.554427 0.230093 0.021354 0.041667
0 0.741927 0.590741 0.015104 0.020370
2 0.391406 0.139352 0.022396 0.036111
0 0.403906 0.124537 0.016146 0.028704
5 0.247917 0.174074 0.030208 0.051852
0 0.232292 0.110648 0.010417 0.026852
6 0.373437 0.108796 0.017708 0.028704
0 0.391927 0.097222 0.018229 0.022222
6 0.575260 0.090741 0.022396 0.040741
6 0.597135 0.097685 0.014063 0.030556
