6 0.437760 0.515741 0.018229 0.044444
5 0.709635 0.203704 0.013021 0.035185
5 0.869531 0.383333 0.013021 0.053704
2 0.610156 0.339815 0.032292 0.058333
5 0.121094 0.893981 0.024479 0.032407
0 0.123177 0.128704 0.015104 0.034259
5 0.204427 0.836574 0.013021 0.031481
5 0.559375 0.538889 0.024479 0.040741
2 0.388281 0.638889 0.018229 0.025926
5 0.217188 0.675926 0.024479 0.072222
5 0.383333 0.462037 0.025000 0.048148
2 0.502865 0.840741 0.015104 0.023148
0 0.096875 0.192593 0.008854 0.018519
2 0.982031 0.518519 0.035417 0.060185
2 0.074479 0.433333 0.016667 0.037963
6 0.433333 0.137963 0.029167 0.043519
0 0.063281 0.267593 0.010937 0.037037
0 0.159115 0.137963 0.008854 0.021296
0 0.054167 0.536574 0.007292 0.016667
0 0.098698 0.542130 0.007812 0.018519
0 0.096354 0.460648 0.005729 0.012037
6 0.005729 0.881019 0.009375 0.024074
6 0.167708 0.644444 0.011458 0.040741
0 0.235937 0.681481 0.010937 0.020370
4 0.215625 0.533796 0.011458 0.040741
0 0.240625 0.565741 0.012500 0.026852
3 0.554167 0.290278 0.011458 0.020370
3 0.668490 0.211574 0.018750 0.029630
0 0.709375 0.155093 0.009375 0.014815
0 0.764323 0.153704 0.014583 0.021296
0 0.729167 0.159722 0.010417 0.027778
3 0.628385 0.128241 0.010417 0.023148
0 0.425521 0.151389 0.007292 0.063889
4 0.433333 0.750926 0.012500 0.012963
0 0.233854 0.775000 0.015104 0.021296
0 0.673177 0.266667 0.039062 0.047222
2 0.332813 0.135648 0.011979 0.036111
7 0.142708 0.800463 0.015625 0.061111
5 0.136458 0.753704 0.012500 0.022222
0 0.401302 0.471296 0.011458 0.025000
