3 0.376302 0.411111 0.026562 0.031481
3 0.505729 0.407870 0.012500 0.021296
0 0.396354 0.463889 0.012500 0.018519
2 0.323958 0.610648 0.019792 0.047222
4 0.260156 0.298148 0.018229 0.031481
4 0.526042 0.213426 0.021875 0.071296
6 0.586979 0.156944 0.014583 0.025000
5 0.616927 0.247222 0.038021 0.066667
5 0.676562 0.240741 0.019792 0.040741
0 0.712500 0.475000 0.017708 0.024074
0 0.770312 0.244907 0.010417 0.025000
0 0.947656 0.524074 0.013021 0.014815
3 0.915104 0.566204 0.018750 0.019444
0 0.980729 0.527778 0.017708 0.018519
0 0.991406 0.487037 0.017188 0.024074
3 0.507031 0.621759 0.016146 0.043519
5 0.336979 0.920833 0.018750 0.036111
6 0.452865 0.665741 0.010937 0.020370
0 0.059375 0.976389 0.017708 0.019444
