5 0.226562 0.826852 0.026562 0.028704
0 0.207031 0.800926 0.009375 0.022222
0 0.216667 0.800926 0.006771 0.030556
4 0.108854 0.780093 0.010937 0.020370
6 0.226042 0.715741 0.014583 0.029630
5 0.237240 0.725000 0.013021 0.022222
6 0.096875 0.962963 0.009375 0.017593
0 0.202865 0.894907 0.007812 0.017593
4 0.185417 0.538426 0.012500 0.024074
4 0.255469 0.488889 0.011458 0.052778
4 0.197135 0.441204 0.018229 0.022222
6 0.140104 0.288426 0.010417 0.037037
6 0.207813 0.230093 0.014063 0.017593
6 0.071094 0.296296 0.009375 0.031481
6 0.175781 0.200000 0.019792 0.046296
6 0.230729 0.102315 0.009896 0.025926
6 0.186719 0.109722 0.009375 0.022222
0 0.095573 0.261111 0.006771 0.011111
0 0.100781 0.243981 0.004167 0.046296
0 0.222396 0.331019 0.010937 0.016667
5 0.215104 0.361574 0.013542 0.055556
0 0.151042 0.366204 0.005729 0.025000
4 0.211719 0.434259 0.013542 0.031481
6 0.363021 0.227778 0.011979 0.023148
3 0.556510 0.154167 0.011458 0.029630
0 0.399479 0.241204 0.019792 0.033333
4 0.412500 0.318519 0.007292 0.029630
6 0.433854 0.848148 0.017708 0.043519
5 0.572396 0.818519 0.013021 0.027778
5 0.678906 0.922685 0.021875 0.025000
4 0.738281 0.804167 0.007292 0.047222
5 0.629687 0.598611 0.010417 0.037963
5 0.693490 0.470370 0.010937 0.041667
5 0.755469 0.411111 0.015625 0.054630
0 0.665625 0.279167 0.010417 0.022222
0 0.758854 0.226852 0.009375 0.012037
0 0.775781 0.096296 0.012500 0.019444
