5 0.121615 0.855556 0.021875 0.026852
5 0.175260 0.813889 0.010417 0.033333
0 0.183594 0.900926 0.008854 0.015741
0 0.203385 0.930556 0.020313 0.017593
0 0.228646 0.858333 0.009375 0.015741
0 0.017448 0.644907 0.008333 0.046296
5 0.243229 0.549537 0.011458 0.044444
6 0.091146 0.481481 0.009896 0.029630
0 0.026562 0.618981 0.007812 0.030556
0 0.089583 0.358796 0.008333 0.034259
5 0.184375 0.321759 0.016667 0.041667
0 0.074740 0.305093 0.008854 0.020370
0 0.080729 0.299537 0.004167 0.025926
2 0.249740 0.325926 0.029687 0.075000
2 0.275781 0.283796 0.028125 0.046296
0 0.259635 0.363889 0.013542 0.029630
0 0.295052 0.281019 0.025521 0.063889
0 0.172656 0.127778 0.010417 0.025000
0 0.208594 0.965278 0.020833 0.040741
0 0.274219 0.984722 0.013021 0.018519
0 0.427865 0.936111 0.015104 0.012037
6 0.373958 0.901852 0.015625 0.016667
0 0.336979 0.823148 0.011458 0.016667
5 0.438542 0.717593 0.011458 0.053704
5 0.670573 0.545370 0.013542 0.043519
5 0.736198 0.260185 0.026562 0.062037
6 0.799479 0.319907 0.011458 0.024074
5 0.798177 0.435185 0.006771 0.052778
5 0.829167 0.441667 0.011979 0.056481
5 0.845833 0.443056 0.012500 0.050926
0 0.674740 0.449074 0.007292 0.023148
2 0.877865 0.953704 0.018750 0.025926
0 0.749219 0.267593 0.007292 0.014815
