5 0.044271 0.986574 0.007812 0.026852
5 0.023958 0.943981 0.009896 0.029630
5 0.116667 0.925463 0.011458 0.046296
0 0.120052 0.890278 0.006771 0.019444
5 0.175781 0.830556 0.013542 0.026852
5 0.161719 0.907870 0.017708 0.043519
5 0.152604 0.839815 0.009375 0.021296
0 0.130208 0.890278 0.005729 0.023148
6 0.082812 0.437037 0.010937 0.025926
0 0.023698 0.393981 0.007812 0.045370
0 0.013802 0.237963 0.004687 0.026852
0 0.240104 0.454630 0.009375 0.022222
5 0.256771 0.399074 0.016667 0.053704
0 0.234896 0.431019 0.015625 0.021296
7 0.209896 0.338889 0.006250 0.011111
6 0.240625 0.308333 0.009375 0.022222
0 0.262760 0.323611 0.005729 0.012963
6 0.212500 0.584722 0.013542 0.037037
4 0.183594 0.606481 0.021875 0.030556
0 0.181771 0.581944 0.006771 0.031481
0 0.206250 0.635648 0.009896 0.025000
0 0.217188 0.675000 0.008333 0.029630
5 0.207292 0.741204 0.017188 0.050926
5 0.196875 0.559722 0.019792 0.055556
2 0.422135 0.969907 0.029687 0.060185
4 0.545052 0.594444 0.009896 0.028704
