5 0.603646 0.351852 0.026042 0.042593
0 0.047396 0.612963 0.036458 0.035185
5 0.150781 0.441667 0.028646 0.042593
6 0.692969 0.655556 0.020313 0.040741
6 0.654948 0.615278 0.031771 0.062037
2 0.171615 0.949074 0.033854 0.075926
6 0.462500 0.501852 0.020833 0.050000
2 0.798698 0.885185 0.023438 0.050000
0 0.530208 0.767593 0.022917 0.029630
6 0.552865 0.654630 0.022396 0.042593
8 0.401302 0.497222 0.015104 0.025926
0 0.291927 0.327778 0.021354 0.059259
6 0.383594 0.243519 0.014063 0.038889
5 0.604167 0.811111 0.021875 0.055556
0 0.189062 0.648611 0.025000 0.032407
0 0.322656 0.939815 0.016146 0.027778
0 0.526302 0.935648 0.018229 0.034259
6 0.530729 0.519907 0.030208 0.065741
3 0.113542 0.571296 0.022917 0.018519
0 0.041667 0.517130 0.017708 0.017593
2 0.228906 0.462963 0.029687 0.037037
0 0.553906 0.724537 0.028646 0.041667
6 0.578385 0.682870 0.022396 0.043519
0 0.516927 0.260185 0.028646 0.057407
6 0.498958 0.306944 0.039583 0.054630
0 0.494010 0.282870 0.010937 0.026852
0 0.482031 0.252778 0.019271 0.020370
0 0.491927 0.438426 0.009896 0.013889
2 0.884896 0.896296 0.023958 0.029630
5 0.651042 0.770370 0.025000 0.055556
0 0.652604 0.812037 0.016667 0.031481
5 0.590625 0.818056 0.021875 0.028704
0 0.566927 0.850000 0.016146 0.050000
0 0.562240 0.817593 0.030729 0.038889
6 0.567708 0.943981 0.017708 0.037963
6 0.554427 0.972222 0.017188 0.040741
0 0.569531 0.882870 0.018229 0.030556
0 0.611979 0.723611 0.014583 0.019444
0 0.637240 0.727315 0.018229 0.026852
0 0.085938 0.703241 0.015625 0.017593
6 0.059896 0.679630 0.014583 0.025926
0 0.078906 0.701389 0.034896 0.037963
0 0.229427 0.418981 0.007812 0.013889
7 0.241406 0.394444 0.009896 0.016667
0 0.505469 0.441204 0.014063 0.034259
0 0.514583 0.455556 0.013542 0.029630
0 0.505990 0.475463 0.013021 0.036111
0 0.518229 0.485648 0.014583 0.032407
0 0.568229 0.756481 0.018750 0.020370
5 0.525000 0.300000 0.035417 0.050000
6 0.265625 0.399074 0.016667 0.025926
