5 0.897135 0.767130 0.035937 0.041667
4 0.507812 0.903241 0.031250 0.047222
5 0.074740 0.306481 0.032813 0.038889
0 0.746875 0.345370 0.026042 0.035185
2 0.912240 0.629630 0.032813 0.055556
2 0.724479 0.747685 0.035417 0.065741
2 0.421875 0.376852 0.031250 0.066667
4 0.678125 0.880556 0.046875 0.061111
5 0.206771 0.591204 0.026042 0.036111
0 0.400521 0.893981 0.022917 0.047222
4 0.524219 0.302778 0.018229 0.068519
0 0.035417 0.883333 0.015625 0.022222
6 0.778906 0.605093 0.020313 0.037963
6 0.640625 0.663889 0.016667 0.035185
0 0.733594 0.549537 0.045312 0.060185
0 0.796354 0.462037 0.032292 0.048148
5 0.000520 0.000336 0.000021 0.000037
0 0.964583 0.411574 0.018750 0.039815
5 0.030208 0.509722 0.047917 0.062037
6 0.220573 0.444444 0.021354 0.046296
2 0.975521 0.937963 0.036458 0.044444
0 0.926562 0.958796 0.020833 0.050926
5 0.982812 0.957870 0.034375 0.052778
0 0.981510 0.773611 0.032813 0.049074
