0 0.370312 0.960185 0.032292 0.051852
0 0.601823 0.680556 0.022396 0.042593
0 0.639062 0.966667 0.033333 0.061111
5 0.320052 0.643981 0.046354 0.063889
0 0.186979 0.536574 0.021875 0.036111
2 0.612240 0.763889 0.025521 0.048148
0 0.689063 0.434259 0.032292 0.044444
2 0.468229 0.277778 0.031250 0.044444
0 0.493490 0.470833 0.050521 0.082407
9 0.520052 0.354167 0.016146 0.030556
0 0.529427 0.287500 0.013021 0.015741
0 0.967448 0.342593 0.016146 0.027778
5 0.599479 0.676389 0.020833 0.039815
5 0.636719 0.968981 0.029687 0.045370
5 0.369010 0.959259 0.029687 0.046296
0 0.058854 0.154167 0.014583 0.023148
