2 0.079687 0.829167 0.034375 0.043519
6 0.322396 0.361574 0.027083 0.036111
0 0.492448 0.285648 0.029687 0.041667
5 0.845313 0.337963 0.029167 0.033333
6 0.601823 0.175926 0.022396 0.042593
6 0.573958 0.284722 0.026042 0.034259
5 0.465104 0.912963 0.036458 0.059259
5 0.673958 0.366667 0.036458 0.050000
6 0.718750 0.887963 0.018750 0.037037
0 0.836458 0.764815 0.033333 0.035185
6 0.556771 0.972685 0.016667 0.028704
5 0.028385 0.371759 0.022396 0.026852
5 0.920573 0.702778 0.022396 0.033333
0 0.723177 0.281481 0.020313 0.033333
0 0.456771 0.778241 0.017708 0.036111
0 0.349219 0.844444 0.013021 0.024074
4 0.714583 0.743056 0.018750 0.067593
2 0.164062 0.671759 0.037500 0.058333
0 0.646875 0.595833 0.019792 0.023148
0 0.782031 0.462037 0.019271 0.022222
0 0.874219 0.473148 0.022396 0.029630
0 0.708594 0.528704 0.010937 0.014815
5 0.853906 0.687963 0.014063 0.027778
0 0.880729 0.577315 0.043750 0.082407
6 0.053385 0.784722 0.017188 0.025000
0 0.187760 0.991204 0.009896 0.017593
0 0.177865 0.993056 0.007812 0.013889
0 0.445052 0.904167 0.033854 0.023148
0 0.928906 0.848148 0.020313 0.020370
5 0.624740 0.159722 0.042188 0.097222
0 0.729167 0.208796 0.019792 0.032407
0 0.733854 0.381944 0.010417 0.036111
0 0.772656 0.378704 0.009896 0.018519
5 0.908594 0.792593 0.034896 0.035185
0 0.334375 0.233796 0.012500 0.015741
