2 0.040885 0.349074 0.010937 0.034259
3 0.212760 0.413426 0.008854 0.019444
0 0.136979 0.763426 0.011458 0.024074
5 0.276823 0.247685 0.015104 0.028704
5 0.250781 0.150000 0.017708 0.054630
4 0.311198 0.202778 0.018229 0.032407
5 0.303646 0.775000 0.014583 0.039815
5 0.331250 0.720370 0.026042 0.038889
6 0.373698 0.768519 0.008854 0.020370
5 0.450000 0.735648 0.029167 0.043519
1 0.452344 0.938889 0.020833 0.022222
4 0.474740 0.983796 0.031771 0.017593
6 0.535156 0.956019 0.011458 0.024074
5 0.509115 0.836111 0.019271 0.025000
2 0.563281 0.453241 0.023958 0.086111
2 0.563802 0.376389 0.030729 0.065741
0 0.513802 0.376389 0.010417 0.023148
0 0.633073 0.381481 0.008333 0.011111
0 0.470573 0.276852 0.014063 0.025000
0 0.868750 0.352315 0.016146 0.028704
