6 0.463281 0.606481 0.030729 0.037037
0 0.400000 0.445370 0.021875 0.033333
0 0.525000 0.330093 0.015625 0.025000
5 0.438021 0.434722 0.019792 0.037963
2 0.420573 0.415278 0.026562 0.037963
0 0.423177 0.657870 0.013021 0.034259
4 0.304688 0.431944 0.015625 0.062037
0 0.345313 0.500000 0.021875 0.029630
0 0.302604 0.642130 0.043750 0.069444
2 0.289323 0.571759 0.025521 0.045370
0 0.279427 0.479630 0.017188 0.025926
2 0.267708 0.358333 0.017708 0.025926
6 0.323177 0.270370 0.022396 0.027778
4 0.292708 0.212500 0.030208 0.034259
0 0.434375 0.178241 0.020833 0.028704
0 0.547135 0.287500 0.023438 0.030556
2 0.348438 0.851852 0.037500 0.048148
3 0.390885 0.797685 0.023438 0.036111
0 0.281510 0.866667 0.014063 0.022222
0 0.255990 0.808796 0.013021 0.036111
2 0.265365 0.888426 0.016146 0.034259
0 0.338542 0.993519 0.007292 0.012963
0 0.387760 0.897685 0.018229 0.028704
0 0.743229 0.684259 0.016667 0.025926
5 0.830469 0.367130 0.035937 0.030556
4 0.951302 0.375926 0.032813 0.027778
0 0.617188 0.447685 0.017708 0.032407
2 0.961979 0.312963 0.019792 0.053704
6 0.459635 0.252315 0.016146 0.032407
