2 0.701823 0.104630 0.029687 0.051852
6 0.328646 0.709259 0.021875 0.042593
5 0.267969 0.323611 0.035937 0.069444
0 0.302083 0.742130 0.014583 0.026852
5 0.846615 0.863426 0.023438 0.030556
0 0.314323 0.476852 0.022396 0.031481
6 0.061198 0.289815 0.021354 0.029630
0 0.986198 0.464815 0.018229 0.027778
0 0.088802 0.482407 0.017188 0.024074
0 0.982292 0.601389 0.019792 0.030556
6 0.984375 0.203704 0.026042 0.033333
6 0.767448 0.843519 0.024479 0.044444
5 0.412240 0.714352 0.028646 0.058333
0 0.714844 0.707407 0.018229 0.027778
5 0.134115 0.281019 0.030729 0.037963
5 0.277865 0.974074 0.027604 0.046296
6 0.417448 0.906944 0.025521 0.047222
0 0.722135 0.608796 0.016146 0.023148
6 0.874740 0.683796 0.041146 0.045370
6 0.888021 0.693056 0.015625 0.021296
0 0.646094 0.862037 0.017188 0.025926
5 0.569792 0.772222 0.018750 0.031481
4 0.876823 0.552778 0.030729 0.033333
0 0.930208 0.195370 0.017708 0.027778
0 0.766927 0.134259 0.015104 0.024074
0 0.191406 0.630556 0.025521 0.027778
0 0.009635 0.551389 0.017188 0.023148
5 0.030208 0.506019 0.026042 0.028704
0 0.054167 0.532407 0.015625 0.016667
0 0.111458 0.172685 0.015625 0.036111
