0 0.037695 0.465972 0.010547 0.013194
6 0.064648 0.302431 0.014063 0.030556
6 0.240820 0.312153 0.016797 0.021528
5 0.225781 0.728472 0.021875 0.031944
6 0.259570 0.948958 0.017969 0.011111
0 0.061719 0.399653 0.016797 0.033333
0 0.399805 0.254514 0.012109 0.019444
0 0.310156 0.211806 0.005859 0.015278
2 0.613867 0.496528 0.023047 0.040278
3 0.616602 0.620139 0.017578 0.022917
0 0.556641 0.699653 0.014063 0.029167
5 0.898047 0.222917 0.018359 0.042361
0 0.897852 0.370833 0.012109 0.022917
6 0.929297 0.840625 0.006641 0.034722
0 0.631445 0.781250 0.016016 0.025000
