4 0.202344 0.260648 0.031771 0.036111
5 0.122917 0.276389 0.033333 0.037963
0 0.282292 0.283796 0.017708 0.026852
0 0.296354 0.331019 0.020833 0.026852
0 0.161198 0.543981 0.024479 0.036111
2 0.113802 0.642130 0.034896 0.039815
5 0.122917 0.581944 0.017708 0.026852
5 0.088542 0.594444 0.031250 0.038889
6 0.182812 0.487500 0.025000 0.036111
6 0.175781 0.353241 0.025521 0.037963
6 0.160677 0.301389 0.026562 0.050926
0 0.259375 0.456019 0.021875 0.030556
3 0.188542 0.600000 0.018750 0.024074
0 0.189844 0.542130 0.017188 0.019444
0 0.295833 0.799074 0.019792 0.035185
0 0.215625 0.913889 0.021875 0.031481
0 0.000513 0.000800 0.000038 0.000043
2 0.775000 0.693056 0.040625 0.032407
0 0.911979 0.276389 0.029167 0.037963
6 0.769792 0.406944 0.025000 0.025000
0 0.767448 0.545370 0.018229 0.038889
4 0.800781 0.673148 0.036979 0.022222
0 0.641667 0.973148 0.011458 0.016667
0 0.762240 0.859259 0.024479 0.031481
5 0.925000 0.223148 0.015625 0.016667
0 0.218490 0.148611 0.007812 0.013889
5 0.291927 0.084259 0.014063 0.022222
