0 0.051823 0.630093 0.016146 0.026852
0 0.325521 0.210185 0.015625 0.020370
2 0.230469 0.595833 0.045312 0.049074
0 0.129948 0.862500 0.017188 0.021296
0 0.045573 0.832870 0.017188 0.030556
0 0.068490 0.957870 0.010937 0.015741
0 0.117448 0.949074 0.010937 0.014815
0 0.260156 0.994907 0.005729 0.010185
5 0.367708 0.189352 0.027083 0.028704
0 0.423698 0.295833 0.008854 0.025000
5 0.379688 0.175463 0.023958 0.041667
0 0.473438 0.302778 0.013542 0.031481
0 0.487240 0.286574 0.010937 0.013889
0 0.570833 0.293981 0.021875 0.019444
3 0.549479 0.330556 0.011458 0.018519
0 0.557552 0.336111 0.010937 0.022222
5 0.595313 0.142593 0.019792 0.035185
5 0.585156 0.308796 0.032813 0.026852
0 0.564063 0.413426 0.010417 0.019444
0 0.598177 0.424537 0.008854 0.017593
0 0.588542 0.414352 0.008333 0.013889
0 0.754167 0.358333 0.011458 0.016667
6 0.590365 0.515278 0.015104 0.028704
0 0.610417 0.496296 0.021875 0.031481
4 0.423177 0.714815 0.020313 0.057407
3 0.512760 0.805556 0.017188 0.020370
0 0.484635 0.791204 0.014063 0.034259
0 0.489583 0.809259 0.025000 0.055556
0 0.571354 0.766204 0.021875 0.043519
0 0.644010 0.699074 0.034896 0.033333
0 0.778125 0.689352 0.018750 0.017593
2 0.520312 0.918981 0.025000 0.071296
5 0.578906 0.915278 0.024479 0.050926
0 0.557813 0.891204 0.017708 0.026852
0 0.966927 0.592130 0.019271 0.025000
0 0.927865 0.543056 0.013021 0.021296
0 0.815885 0.488426 0.010937 0.021296
2 0.969271 0.473611 0.025000 0.030556
0 0.958854 0.557870 0.013542 0.017593
4 0.854427 0.788889 0.027604 0.033333
6 0.853385 0.922685 0.017188 0.021296
6 0.928646 0.894907 0.019792 0.023148
2 0.880208 0.862500 0.021875 0.037963
0 0.869010 0.764815 0.010937 0.022222
0 0.874219 0.706944 0.042188 0.041667
0 0.557031 0.317593 0.010937 0.016667
