5 0.470833 0.615741 0.027604 0.071296
5 0.087760 0.304167 0.011458 0.039815
5 0.517188 0.952315 0.015625 0.018519
6 0.826042 0.153241 0.021875 0.037037
5 0.891146 0.596759 0.018229 0.067593
5 0.038021 0.819907 0.017708 0.056481
0 0.204427 0.906944 0.010937 0.030556
5 0.768229 0.732870 0.013542 0.025926
5 0.865104 0.850000 0.029167 0.036111
5 0.556250 0.820833 0.009896 0.051852
0 0.025000 0.684259 0.005729 0.024074
2 0.897135 0.409722 0.018750 0.037963
0 0.827865 0.770370 0.008854 0.037963
0 0.140625 0.461574 0.008854 0.019444
5 0.782552 0.661111 0.012500 0.042593
6 0.965885 0.192130 0.011979 0.026852
5 0.904687 0.493056 0.009896 0.050000
0 0.702865 0.570833 0.006250 0.014815
3 0.732292 0.592130 0.005208 0.029630
0 0.698177 0.500000 0.008333 0.018519
4 0.665365 0.357870 0.023958 0.031481
0 0.742708 0.491204 0.005729 0.012037
0 0.733594 0.339815 0.004167 0.016667
0 0.732292 0.299537 0.008854 0.017593
5 0.894010 0.306481 0.014583 0.029630
0 0.859115 0.419907 0.006771 0.016667
2 0.876823 0.449074 0.014583 0.030556
0 0.892448 0.686111 0.016667 0.025926
0 0.853646 0.465741 0.008854 0.032407
4 0.816146 0.569907 0.024479 0.044444
4 0.835417 0.538889 0.014063 0.014815
4 0.706771 0.461111 0.017708 0.034259
