5 0.277344 0.260185 0.019271 0.050000
0 0.199740 0.387963 0.022396 0.024074
0 0.209896 0.485185 0.013542 0.022222
0 0.403385 0.703241 0.013021 0.021296
5 0.420052 0.704167 0.018229 0.041667
0 0.501563 0.616204 0.013542 0.028704
0 0.023438 0.634259 0.018750 0.029630
0 0.796094 0.618056 0.023438 0.032407
0 0.674740 0.933333 0.013021 0.025926
0 0.715625 0.920833 0.011458 0.021296
0 0.656771 0.826852 0.009375 0.016667
0 0.655990 0.923148 0.013021 0.020370
2 0.781250 0.949074 0.014583 0.027778
0 0.859375 0.716667 0.010417 0.022222
0 0.736198 0.725463 0.014063 0.021296
5 0.741406 0.523611 0.033854 0.045370
4 0.945573 0.644907 0.025521 0.025000
0 0.946875 0.735185 0.010417 0.018519
0 0.818490 0.770370 0.020313 0.029630
0 0.834635 0.865278 0.013021 0.017593
0 0.611458 0.526852 0.020833 0.037037
0 0.648698 0.312037 0.013021 0.022222
0 0.686979 0.259259 0.017708 0.022222
5 0.702344 0.269907 0.040104 0.047222
0 0.763021 0.252315 0.016667 0.032407
