6 0.184896 0.888426 0.015104 0.025926
6 0.209115 0.923148 0.016667 0.031481
6 0.220833 0.926852 0.008854 0.018519
0 0.071875 0.533333 0.008333 0.021296
6 0.004167 0.440278 0.005729 0.024074
3 0.229167 0.421296 0.015104 0.033333
5 0.469271 0.130556 0.025000 0.034259
0 0.487760 0.162500 0.012500 0.032407
6 0.493490 0.128704 0.012500 0.019444
5 0.497917 0.095370 0.034375 0.042593
0 0.544531 0.091667 0.011458 0.026852
0 0.531250 0.200463 0.013542 0.025000
0 0.494010 0.206944 0.006250 0.011111
0 0.561719 0.187500 0.016667 0.029630
0 0.583594 0.222222 0.013542 0.012037
0 0.431510 0.120370 0.008333 0.023148
2 0.403125 0.732870 0.033333 0.049074
5 0.313802 0.704630 0.026562 0.031481
0 0.330990 0.705093 0.020313 0.026852
0 0.420052 0.813889 0.015104 0.015741
0 0.458333 0.804167 0.010937 0.017593
5 0.328646 0.908796 0.008854 0.023148
0 0.437760 0.875000 0.013021 0.013889
0 0.461458 0.871759 0.009375 0.015741
0 0.540365 0.905093 0.013542 0.048148
0 0.557031 0.912037 0.012500 0.018519
0 0.548177 0.896759 0.018750 0.024074
2 0.303385 0.941204 0.023958 0.030556
0 0.359115 0.951389 0.009375 0.019444
4 0.629427 0.193519 0.015625 0.026852
0 0.656250 0.191667 0.010417 0.019444
4 0.663281 0.216667 0.026562 0.044444
5 0.672135 0.257870 0.016146 0.031481
0 0.636719 0.244907 0.008854 0.015741
2 0.637240 0.376389 0.021875 0.028704
6 0.676823 0.487500 0.007812 0.015741
0 0.622135 0.560185 0.008333 0.015741
5 0.735938 0.500926 0.015625 0.045370
2 0.779687 0.382870 0.015104 0.030556
0 0.710156 0.325463 0.008333 0.014815
0 0.746875 0.216667 0.006771 0.012037
0 0.825260 0.237500 0.007812 0.012037
6 0.877604 0.308333 0.013542 0.025000
2 0.905729 0.226389 0.010417 0.029630
6 0.972396 0.910648 0.007812 0.026852
5 0.987760 0.826852 0.008333 0.037037
6 0.964583 0.595370 0.008854 0.030556
2 0.868229 0.573611 0.017708 0.026852
0 0.934896 0.556481 0.006250 0.047222
5 0.952083 0.471296 0.013021 0.039815
0 0.922135 0.522685 0.015625 0.027778
0 0.931771 0.522222 0.005729 0.040741
0 0.938802 0.521759 0.004167 0.018519
0 0.919792 0.489815 0.010417 0.021296
6 0.940885 0.446296 0.008333 0.021296
