0 0.000000 0.000000 0.000000 0.000000
0 0.000000 0.000000 0.000000 0.000000
0 0.000000 0.000000 0.000000 0.000000
0 0.000000 0.000000 0.000000 0.000000
5 0.000000 0.000000 0.000000 0.000000
0 0.000000 0.000000 0.000000 0.000000
0 0.000000 0.000000 0.000000 0.000000
5 0.488021 0.087037 0.028125 0.056481
3 0.885677 0.743056 0.008854 0.020370
0 0.000000 0.000000 0.000000 0.000000
3 0.641146 0.601852 0.010417 0.027778
5 0.315625 0.988889 0.027604 0.022222
0 0.000000 0.000000 0.000000 0.000000
2 0.604427 0.517130 0.028125 0.025000
2 0.264583 0.809722 0.018750 0.043519
3 0.605208 0.718056 0.006771 0.028704
6 0.903646 0.462963 0.007812 0.025926
0 0.895833 0.910185 0.009896 0.021296
0 0.859635 0.972685 0.014583 0.018519
0 0.866146 0.838426 0.009896 0.031481
6 0.641146 0.665741 0.018229 0.037963
2 0.663802 0.664352 0.019271 0.042593
0 0.501823 0.586111 0.011979 0.045370
0 0.497656 0.815741 0.015104 0.049074
0 0.455990 0.595370 0.017708 0.032407
5 0.339844 0.790741 0.013542 0.024074
6 0.295052 0.727778 0.008333 0.015741
5 0.271875 0.890741 0.009375 0.034259
0 0.125260 0.893519 0.007812 0.020370
0 0.168750 0.673148 0.011458 0.020370
2 0.326042 0.496759 0.016667 0.030556
0 0.358594 0.556481 0.033854 0.024074
0 0.384896 0.585185 0.005729 0.010185
6 0.422656 0.279630 0.019271 0.034259
0 0.421094 0.260185 0.027083 0.028704
6 0.328125 0.352778 0.014583 0.027778
2 0.497135 0.393056 0.025000 0.038889
6 0.179167 0.214352 0.013021 0.020370
