2 0.547656 0.792130 0.033854 0.039815
0 0.639062 0.300926 0.021875 0.051852
5 0.145573 0.260648 0.035937 0.052778
5 0.058594 0.522685 0.059896 0.052778
5 0.427344 0.597685 0.025521 0.039815
5 0.841146 0.228704 0.042708 0.053704
0 0.924740 0.981481 0.017188 0.024074
5 0.873698 0.439815 0.034896 0.042593
2 0.542448 0.342130 0.019271 0.062037
0 0.203906 0.668519 0.013021 0.035185
5 0.804688 0.156481 0.025000 0.033333
4 0.958073 0.380093 0.019271 0.036111
0 0.213281 0.829167 0.023438 0.049074
5 0.232813 0.330093 0.037500 0.058333
3 0.130208 0.773611 0.021875 0.030556
