5 0.801302 0.545370 0.034896 0.051852
2 0.283854 0.121296 0.042708 0.068519
0 0.089583 0.276852 0.018750 0.029630
2 0.214583 0.896759 0.035417 0.065741
0 0.195833 0.222222 0.020833 0.029630
0 0.632031 0.893981 0.019271 0.047222
2 0.599219 0.815741 0.047396 0.062963
0 0.000328 0.000913 0.000012 0.000054
6 0.168750 0.302315 0.026042 0.034259
3 0.473698 0.293519 0.022396 0.040741
0 0.047396 0.829630 0.027083 0.035185
0 0.159375 0.895833 0.017708 0.025000
2 0.375521 0.919907 0.031250 0.039815
2 0.929948 0.416204 0.016146 0.030556
6 0.974219 0.340741 0.014063 0.020370
6 0.588021 0.691204 0.019792 0.032407
2 0.709375 0.977778 0.025000 0.044444
3 0.741667 0.711111 0.027083 0.027778
4 0.825260 0.297685 0.020313 0.028704
0 0.500260 0.224537 0.016146 0.025000
0 0.712760 0.521759 0.018229 0.021296
0 0.892448 0.478241 0.016146 0.023148
6 0.909115 0.488426 0.010937 0.019444
0 0.881510 0.510185 0.005729 0.011111
0 0.835156 0.758796 0.016146 0.034259
0 0.588281 0.734259 0.018229 0.040741
0 0.560937 0.733796 0.020833 0.023148
0 0.361198 0.875463 0.023438 0.039815
0 0.659375 0.831944 0.013542 0.025000
0 0.726302 0.912500 0.022396 0.037963
0 0.618490 0.874537 0.014063 0.023148
