0 0.028906 0.352778 0.013021 0.020370
0 0.021094 0.407407 0.010937 0.014815
2 0.062240 0.220833 0.033854 0.034259
0 0.079427 0.397685 0.028646 0.015741
0 0.011719 0.387963 0.014063 0.022222
5 0.185938 0.222685 0.029167 0.050926
6 0.204167 0.431481 0.018750 0.027778
6 0.235677 0.462963 0.020313 0.033333
4 0.170573 0.275926 0.029687 0.027778
0 0.140365 0.277315 0.017188 0.034259
0 0.137500 0.305556 0.021875 0.031481
0 0.220052 0.193056 0.020313 0.017593
0 0.097396 0.251389 0.016667 0.025000
0 0.085417 0.207407 0.010417 0.014815
0 0.033073 0.377315 0.027604 0.023148
0 0.264323 0.119444 0.018229 0.031481
4 0.419271 0.206019 0.031250 0.032407
0 0.386458 0.208796 0.023958 0.041667
2 0.542188 0.324074 0.027083 0.037037
0 0.636458 0.142593 0.014583 0.029630
0 0.646094 0.156481 0.016146 0.024074
0 0.684375 0.187500 0.012500 0.030556
0 0.664062 0.466667 0.016667 0.046296
0 0.499479 0.641667 0.017708 0.029630
0 0.557813 0.627315 0.012500 0.019444
0 0.671875 0.639352 0.015625 0.019444
0 0.635677 0.946759 0.009896 0.026852
0 0.619531 0.821759 0.021354 0.036111
6 0.490365 0.810648 0.017188 0.039815
4 0.647135 0.727315 0.019271 0.028704
0 0.425260 0.978704 0.015104 0.037037
0 0.316406 0.765278 0.025521 0.021296
6 0.216927 0.885648 0.013021 0.023148
0 0.206250 0.882870 0.011458 0.019444
0 0.085156 0.770833 0.010937 0.019444
0 0.097396 0.854630 0.011458 0.025926
0 0.099219 0.867593 0.011979 0.024074
0 0.098177 0.894444 0.013021 0.024074
0 0.128385 0.952315 0.015104 0.023148
0 0.110937 0.977315 0.016667 0.032407
0 0.146615 0.982870 0.016146 0.034259
0 0.028385 0.902315 0.015104 0.030556
0 0.007812 0.744444 0.010417 0.016667
0 0.060677 0.655093 0.018229 0.032407
0 0.136198 0.646759 0.017188 0.021296
0 0.196875 0.681944 0.016667 0.032407
