4 0.097135 0.740741 0.007812 0.041667
4 0.099479 0.690741 0.013542 0.032407
6 0.026302 0.501389 0.006250 0.029630
0 0.005208 0.532407 0.005208 0.043519
5 0.004948 0.414352 0.007292 0.025000
5 0.018750 0.344907 0.012500 0.043519
0 0.042969 0.325463 0.006771 0.020370
5 0.048177 0.345833 0.015104 0.039815
2 0.092969 0.262500 0.025521 0.063889
2 0.102604 0.278704 0.012500 0.035185
5 0.119792 0.247685 0.015104 0.040741
5 0.298958 0.324074 0.021354 0.027778
0 0.481771 0.648148 0.019792 0.043519
0 0.542708 0.593056 0.012500 0.005556
0 0.548438 0.581481 0.002604 0.023148
0 0.547396 0.593519 0.008854 0.014815
0 0.623437 0.262037 0.007812 0.017593
0 0.653385 0.365278 0.006771 0.016667
