2 0.110677 0.167130 0.018750 0.048148
5 0.196875 0.156481 0.019271 0.058333
0 0.252865 0.107870 0.008333 0.035185
2 0.239063 0.243519 0.025000 0.043519
2 0.217969 0.290741 0.027604 0.066667
0 0.131771 0.289815 0.013021 0.023148
6 0.115365 0.358333 0.005208 0.013889
5 0.197656 0.455093 0.022396 0.044444
2 0.124740 0.548148 0.028646 0.096296
0 0.095312 0.513889 0.008333 0.021296
0 0.099740 0.537500 0.008854 0.025000
0 0.084635 0.568981 0.009375 0.031481
0 0.041667 0.980093 0.007292 0.017593
0 0.079167 0.755093 0.008854 0.024074
0 0.191406 0.859259 0.009375 0.018519
0 0.211719 0.891204 0.010417 0.057407
0 0.159375 0.846759 0.008333 0.011111
0 0.162500 0.896759 0.007812 0.015741
5 0.163281 0.680556 0.015104 0.039815
6 0.444792 0.809722 0.016667 0.033333
6 0.439583 0.538426 0.008333 0.014815
0 0.408333 0.366204 0.010937 0.037963
0 0.159635 0.173611 0.005729 0.019444
