5 0.408073 0.446296 0.021875 0.068519
0 0.448958 0.415741 0.018750 0.028704
6 0.467187 0.361111 0.022396 0.046296
2 0.621094 0.212037 0.027083 0.054630
0 0.617708 0.392130 0.016667 0.025926
4 0.565104 0.463889 0.015104 0.058333
2 0.466927 0.608333 0.050000 0.073148
0 0.103385 0.631481 0.010937 0.019444
0 0.536979 0.497685 0.010937 0.018519
5 0.971615 0.214815 0.027604 0.058333
5 0.966927 0.599537 0.010937 0.042593
4 0.996615 0.602315 0.006771 0.026852
5 0.741927 0.318519 0.019271 0.037037
4 0.756250 0.174537 0.028125 0.011111
0 0.870833 0.237500 0.009375 0.017593
0 0.789583 0.371296 0.011458 0.012037
0 0.788281 0.319444 0.009375 0.022222
0 0.416927 0.717593 0.028125 0.067593
5 0.395052 0.938426 0.015625 0.048148
0 0.378646 0.921296 0.009896 0.017593
0 0.399219 0.837963 0.018229 0.034259
0 0.421875 0.836574 0.009896 0.022222
5 0.571875 0.939352 0.018750 0.026852
6 0.203906 0.894444 0.011458 0.025000
0 0.221094 0.897222 0.005729 0.009259
6 0.069531 0.826389 0.008854 0.015741
0 0.059375 0.853241 0.009896 0.023148
6 0.122656 0.581019 0.008854 0.014815
0 0.323177 0.920833 0.013021 0.020370
0 0.269531 0.987037 0.008854 0.008333
0 0.245312 0.989352 0.005729 0.019444
6 0.256510 0.993519 0.008854 0.012963
0 0.554688 0.460185 0.009375 0.016667
5 0.737240 0.820833 0.029167 0.042593
5 0.786979 0.895370 0.026562 0.024074
0 0.777604 0.847685 0.007812 0.014815
0 0.940885 0.897222 0.006771 0.015741
0 0.804167 0.878704 0.021875 0.031481
0 0.979427 0.430093 0.017188 0.037037
