5 0.529687 0.991667 0.022396 0.015741
5 0.486198 0.864815 0.025521 0.047222
3 0.428125 0.836111 0.015625 0.021296
0 0.388802 0.929630 0.010937 0.012963
0 0.393229 0.899537 0.010937 0.022222
0 0.383854 0.885648 0.010937 0.018519
5 0.407813 0.643056 0.022396 0.030556
0 0.413542 0.640741 0.004687 0.009259
0 0.323437 0.537037 0.009896 0.017593
5 0.330729 0.469444 0.019792 0.031481
2 0.337240 0.220370 0.030208 0.037037
3 0.443750 0.147222 0.012500 0.021296
5 0.429948 0.070370 0.021875 0.037963
5 0.472917 0.076389 0.023438 0.040741
3 0.542708 0.081944 0.009896 0.019444
0 0.566667 0.134259 0.017708 0.025000
0 0.568490 0.111111 0.021875 0.026852
2 0.553385 0.195833 0.032813 0.060185
2 0.417708 0.131481 0.018229 0.032407
