0 0.071875 0.138889 0.017708 0.025926
0 0.070052 0.238426 0.014063 0.026852
2 0.085938 0.274074 0.036458 0.064815
2 0.063281 0.328241 0.034896 0.054630
6 0.192708 0.359259 0.029167 0.051852
0 0.234375 0.156481 0.017708 0.035185
0 0.270833 0.130093 0.016667 0.026852
6 0.307292 0.308333 0.018750 0.031481
3 0.253385 0.452778 0.026562 0.035185
0 0.484115 0.194907 0.020313 0.030556
2 0.608333 0.252778 0.062500 0.081481
0 0.058594 0.559722 0.017188 0.021296
6 0.250000 0.738889 0.025000 0.037037
6 0.344792 0.651389 0.021875 0.036111
0 0.273698 0.549537 0.015104 0.036111
0 0.262500 0.541667 0.029167 0.037037
5 0.278125 0.573611 0.022917 0.030556
0 0.357292 0.828241 0.021875 0.028704
5 0.365104 0.926852 0.038542 0.059259
0 0.330208 0.958333 0.020833 0.040741
2 0.221875 0.943056 0.039583 0.069444
0 0.089844 0.946759 0.026562 0.063889
0 0.104948 0.977315 0.013021 0.034259
0 0.710938 0.181481 0.029167 0.059259
