0 0.113867 0.294097 0.005859 0.011806
0 0.086719 0.389583 0.007422 0.024306
7 0.078711 0.430903 0.003516 0.007639
5 0.014453 0.552778 0.008984 0.027778
0 0.012891 0.645139 0.007031 0.023611
5 0.788672 0.089236 0.023438 0.025000
5 0.812891 0.105903 0.008203 0.018056
6 0.816406 0.136111 0.010156 0.013194
5 0.740234 0.246181 0.014063 0.021528
1 0.639648 0.389931 0.014844 0.015972
5 0.801172 0.471875 0.029297 0.054167
6 0.458984 0.236458 0.008984 0.011111
0 0.497852 0.170833 0.009375 0.032639
5 0.820508 0.630208 0.009766 0.026389
6 0.909766 0.328472 0.012500 0.025694
6 0.885156 0.710764 0.007812 0.018750
5 0.849414 0.802083 0.021875 0.014583
0 0.687500 0.700694 0.011719 0.018750
0 0.810156 0.946875 0.008984 0.018056
6 0.595313 0.947917 0.029687 0.022222
6 0.489648 0.763542 0.017188 0.027778
0 0.472266 0.837500 0.010547 0.021528
0 0.450977 0.879514 0.007031 0.019444
0 0.430664 0.882639 0.011328 0.016667
0 0.503516 0.875694 0.004687 0.025694
5 0.208203 0.622222 0.009766 0.030556
5 0.194727 0.687153 0.014844 0.038194
0 0.192578 0.731250 0.008203 0.014583
6 0.430859 0.797917 0.009766 0.015278
0 0.211133 0.704861 0.009375 0.013889
6 0.208203 0.798958 0.010547 0.020139
6 0.168945 0.917014 0.011328 0.025694
5 0.160742 0.934375 0.011328 0.031944
0 0.170703 0.890278 0.014063 0.025000
0 0.223828 0.909375 0.008594 0.011806
0 0.060937 0.788542 0.008594 0.028472
0 0.287695 0.429167 0.005078 0.007639
4 0.459766 0.125694 0.006250 0.031944
0 0.462695 0.083681 0.011328 0.021528
0 0.521484 0.096181 0.015625 0.014583
0 0.507227 0.325347 0.008984 0.024306
