0 0.073177 0.646296 0.009375 0.046296
2 0.117708 0.434722 0.013542 0.039815
0 0.189583 0.186111 0.007812 0.026852
2 0.242969 0.287037 0.038021 0.088889
5 0.268490 0.339352 0.017188 0.036111
2 0.194531 0.366667 0.013021 0.051852
0 0.031771 0.845833 0.010417 0.020370
5 0.411979 0.838426 0.030729 0.050926
0 0.618490 0.582870 0.018229 0.027778
5 0.784635 0.438426 0.024479 0.045370
0 0.755208 0.560648 0.008333 0.014815
0 0.804427 0.723148 0.010417 0.027778
4 0.779167 0.772222 0.007812 0.049074
4 0.846875 0.750000 0.015104 0.061111
4 0.988021 0.327315 0.008333 0.041667
