5 0.646094 0.679167 0.036979 0.058333
2 0.620573 0.711574 0.056771 0.112037
0 0.619531 0.721296 0.043229 0.048148
0 0.597396 0.578241 0.035417 0.037963
5 0.624479 0.476852 0.027083 0.029630
5 0.221354 0.407407 0.027083 0.044444
2 0.140365 0.598148 0.041146 0.051852
6 0.185417 0.549074 0.018750 0.022222
4 0.081771 0.637963 0.029167 0.035185
0 0.007812 0.639352 0.015625 0.023148
0 0.566927 0.393981 0.014063 0.025000
5 0.815625 0.498611 0.043750 0.032407
5 0.728906 0.795833 0.018229 0.025000
5 0.853646 0.722685 0.031250 0.037963
6 0.726823 0.659722 0.026562 0.039815
0 0.765104 0.739352 0.032292 0.032407
0 0.750000 0.363889 0.020833 0.027778
5 0.636458 0.875926 0.036458 0.042593
0 0.845052 0.688889 0.018229 0.035185
0 0.960677 0.972222 0.026562 0.038889
0 0.929948 0.970833 0.022396 0.021296
0 0.913802 0.974074 0.016146 0.018519
2 0.332292 0.881019 0.059375 0.108333
0 0.029687 0.961111 0.016667 0.024074
