0 0.088542 0.926389 0.013542 0.032407
0 0.086458 0.947685 0.013542 0.025000
0 0.065885 0.943981 0.017188 0.036111
0 0.135417 0.317130 0.011458 0.028704
0 0.166406 0.260185 0.018229 0.027778
6 0.420052 0.133796 0.016146 0.032407
2 0.538281 0.182407 0.022396 0.033333
6 0.488802 0.557870 0.018229 0.025000
6 0.630469 0.666667 0.039062 0.022222
0 0.630208 0.692130 0.020833 0.039815
2 0.620573 0.596759 0.023438 0.028704
0 0.589583 0.366204 0.018750 0.037963
0 0.651302 0.815741 0.014063 0.020370
0 0.685417 0.902315 0.014583 0.028704
0 0.698698 0.889815 0.014063 0.027778
0 0.946094 0.371759 0.014063 0.015741
0 0.982552 0.392130 0.010937 0.021296
0 0.814844 0.167593 0.010937 0.020370
5 0.812240 0.170833 0.034896 0.050926
2 0.734896 0.152315 0.020833 0.065741
5 0.906250 0.578704 0.028125 0.042593
4 0.859375 0.776389 0.035417 0.021296
5 0.855208 0.865741 0.032292 0.050000
0 0.835156 0.825000 0.020313 0.025926
0 0.820052 0.844907 0.013021 0.026852
