4 0.589844 0.488889 0.038021 0.018519
0 0.342969 0.443519 0.014063 0.022222
0 0.734375 0.365741 0.016667 0.025926
0 0.739583 0.445370 0.010417 0.014815
5 0.607292 0.654630 0.020833 0.025926
0 0.420833 0.672685 0.011458 0.037963
0 0.440104 0.660185 0.009375 0.020370
0 0.507292 0.736111 0.021875 0.022222
0 0.428906 0.728241 0.010937 0.026852
6 0.436198 0.687500 0.022396 0.039815
5 0.407031 0.679630 0.042188 0.044444
0 0.372396 0.692130 0.014583 0.019444
6 0.895833 0.605093 0.022917 0.026852
0 0.915625 0.461111 0.030208 0.016667
2 0.817708 0.492130 0.025000 0.032407
5 0.812240 0.630093 0.019271 0.025000
0 0.947917 0.928241 0.023958 0.037963
0 0.772917 0.682870 0.016667 0.025000
0 0.695833 0.835185 0.013542 0.025926
0 0.740104 0.869907 0.011458 0.021296
0 0.920573 0.242130 0.011979 0.012037
5 0.778385 0.307870 0.035937 0.049074
0 0.729948 0.145370 0.008854 0.018519
5 0.357031 0.068981 0.019271 0.049074
0 0.361198 0.214815 0.027604 0.040741
5 0.330469 0.198148 0.025521 0.057407
6 0.221875 0.295370 0.021875 0.035185
5 0.193750 0.255093 0.027083 0.047222
0 0.137500 0.168519 0.018750 0.024074
0 0.122917 0.181019 0.013542 0.017593
0 0.149219 0.320833 0.035937 0.023148
5 0.037240 0.519444 0.016146 0.018519
0 0.042969 0.581019 0.011979 0.015741
0 0.125260 0.417130 0.022396 0.037963
0 0.116667 0.366204 0.018750 0.025000
2 0.159375 0.424537 0.038542 0.043519
0 0.156250 0.328241 0.021875 0.025000
0 0.175000 0.337963 0.012500 0.016667
0 0.181250 0.339815 0.010417 0.012963
0 0.180729 0.362037 0.022917 0.018519
0 0.178125 0.400463 0.012500 0.013889
5 0.273438 0.718981 0.017708 0.028704
6 0.095573 0.793519 0.020313 0.031481
0 0.026302 0.821296 0.021354 0.025926
0 0.184375 0.952778 0.013542 0.018519
5 0.315885 0.988426 0.013021 0.023148
0 0.474479 0.887037 0.011458 0.016667
0 0.509115 0.784259 0.014063 0.024074
0 0.393490 0.821296 0.015104 0.027778
0 0.204427 0.287037 0.011979 0.025926
