5 0.523698 0.357870 0.031771 0.052778
6 0.393229 0.205556 0.026042 0.038889
2 0.397656 0.165741 0.020313 0.029630
0 0.284115 0.382870 0.021354 0.032407
6 0.266146 0.467593 0.021875 0.029630
0 0.248698 0.457870 0.015104 0.019444
0 0.202344 0.269444 0.009896 0.016667
0 0.195573 0.288889 0.011979 0.022222
0 0.216146 0.268981 0.014583 0.026852
0 0.213281 0.277778 0.008854 0.012963
6 0.954688 0.690741 0.020833 0.031481
0 0.765625 0.738889 0.019792 0.025926
6 0.767448 0.820833 0.014063 0.021296
0 0.176042 0.676389 0.010417 0.017593
5 0.129167 0.686574 0.022917 0.026852
0 0.377604 0.406481 0.009375 0.012963
0 0.345313 0.557870 0.014583 0.015741
0 0.143750 0.441204 0.011458 0.021296
0 0.233073 0.491204 0.024479 0.019444
0 0.045312 0.214815 0.015625 0.018519
0 0.913542 0.485185 0.012500 0.018519
