2 0.236719 0.845833 0.023438 0.046296
0 0.163021 0.763426 0.012500 0.032407
7 0.141406 0.674074 0.013021 0.031481
0 0.116146 0.739352 0.006250 0.025000
0 0.130729 0.691667 0.009375 0.027778
5 0.130729 0.565741 0.016146 0.031481
0 0.112760 0.507407 0.009896 0.023148
0 0.162500 0.536111 0.009375 0.020370
0 0.181250 0.547222 0.014063 0.027778
0 0.180208 0.516667 0.007812 0.024074
5 0.198177 0.371296 0.020313 0.028704
0 0.187500 0.317593 0.006771 0.021296
5 0.159896 0.219907 0.014063 0.030556
5 0.136458 0.175000 0.013021 0.032407
5 0.550260 0.196296 0.023958 0.054630
5 0.610938 0.334259 0.024479 0.038889
5 0.661198 0.254630 0.017188 0.028704
0 0.667708 0.340741 0.019271 0.041667
0 0.673438 0.429167 0.012500 0.014815
6 0.686458 0.492593 0.011979 0.038889
0 0.531250 0.847685 0.016667 0.025926
0 0.521354 0.632870 0.016146 0.027778
0 0.387760 0.737500 0.007812 0.012963
0 0.708073 0.796759 0.009375 0.023148
4 0.502604 0.971759 0.007292 0.042593
5 0.433333 0.985648 0.025000 0.028704
5 0.786458 0.669907 0.023438 0.031481
5 0.803646 0.635648 0.026562 0.036111
0 0.822396 0.445370 0.016146 0.025926
7 0.837240 0.381019 0.017188 0.030556
0 0.799219 0.611574 0.010937 0.021296
0 0.828125 0.700000 0.011458 0.019444
0 0.563542 0.677315 0.012500 0.021296
0 0.337500 0.845370 0.017188 0.035185
0 0.346094 0.707870 0.011458 0.025000
5 0.311979 0.760185 0.015625 0.026852
0 0.488021 0.947685 0.011458 0.030556
