5 0.701562 0.484259 0.027604 0.069444
5 0.582552 0.399537 0.014583 0.059259
5 0.518750 0.422222 0.013542 0.030556
5 0.542708 0.297685 0.011979 0.019444
6 0.673438 0.333796 0.012500 0.029630
7 0.834375 0.310648 0.007812 0.015741
5 0.890885 0.364352 0.011458 0.019444
6 0.047656 0.362963 0.010417 0.025926
0 0.048698 0.425926 0.007812 0.011111
0 0.070312 0.406944 0.007812 0.009259
2 0.168750 0.565278 0.012500 0.037037
0 0.281250 0.225000 0.011979 0.025926
4 0.027344 0.734259 0.013021 0.025000
0 0.107552 0.812963 0.008854 0.020370
2 0.257552 0.861574 0.019271 0.041667
