5 0.013021 0.965278 0.010937 0.027778
5 0.072396 0.927778 0.017708 0.043519
0 0.092448 0.818519 0.009896 0.016667
5 0.058594 0.805556 0.025521 0.064815
0 0.170573 0.754167 0.013542 0.038889
0 0.006771 0.663889 0.013542 0.031481
1 0.016406 0.449537 0.010937 0.038889
0 0.125781 0.468519 0.008854 0.039815
4 0.011458 0.348611 0.006771 0.041667
6 0.222135 0.174537 0.009896 0.022222
0 0.227344 0.471296 0.009896 0.016667
0 0.209115 0.537037 0.010937 0.027778
0 0.297135 0.612037 0.012500 0.048148
5 0.226302 0.703704 0.020833 0.051852
6 0.419792 0.817130 0.018229 0.036111
0 0.397396 0.781944 0.014583 0.022222
0 0.247135 0.887500 0.011458 0.013889
2 0.403906 0.976852 0.042708 0.045370
2 0.408594 0.957870 0.021354 0.024074
0 0.338021 0.781019 0.023438 0.012963
0 0.329688 0.790278 0.011979 0.023148
5 0.310417 0.795370 0.013542 0.027778
0 0.310417 0.771296 0.019792 0.011111
0 0.260677 0.783333 0.008854 0.011111
2 0.432812 0.770370 0.019792 0.024074
0 0.422917 0.735185 0.025521 0.014815
0 0.446875 0.477778 0.015104 0.017593
6 0.537760 0.363889 0.014583 0.041667
0 0.489583 0.981481 0.008854 0.017593
6 0.728125 0.237500 0.016667 0.026852
5 0.592708 0.701389 0.015625 0.043519
0 0.121354 0.995833 0.010937 0.008333
0 0.221094 0.876852 0.009896 0.025926
0 0.218490 0.652315 0.013021 0.024074
0 0.213281 0.622685 0.010417 0.020370
0 0.165365 0.534722 0.010937 0.019444
