6 0.345313 0.405556 0.013542 0.033333
6 0.146615 0.262037 0.016146 0.036111
5 0.139583 0.131019 0.012500 0.040741
0 0.068750 0.230556 0.008333 0.015741
4 0.010937 0.339352 0.021875 0.012037
0 0.078125 0.706019 0.010417 0.021296
5 0.876042 0.580093 0.015625 0.062037
5 0.838021 0.572222 0.020313 0.033333
5 0.954427 0.509259 0.018750 0.030556
5 0.992708 0.573148 0.014583 0.051852
6 0.711719 0.928704 0.023438 0.055556
0 0.164062 0.893056 0.014063 0.037037
0 0.190625 0.900463 0.013542 0.038889
0 0.046094 0.659259 0.006250 0.015741
0 0.504427 0.259722 0.009375 0.035185
6 0.874219 0.391667 0.013542 0.025000
6 0.816667 0.476389 0.008854 0.021296
4 0.331250 0.013889 0.011979 0.027778
0 0.783333 0.068519 0.017188 0.054630
