5 0.890885 0.758796 0.034896 0.043519
0 0.427083 0.847222 0.016667 0.035185
5 0.650000 0.703241 0.041667 0.058333
6 0.423438 0.726389 0.032292 0.056481
5 0.527604 0.959259 0.032292 0.048148
0 0.204687 0.169444 0.069792 0.061111
0 0.713021 0.241667 0.017708 0.022222
5 0.192448 0.304630 0.035937 0.027778
2 0.145833 0.231019 0.019792 0.030556
0 0.175000 0.798148 0.031250 0.037037
5 0.598958 0.729630 0.019792 0.050000
0 0.507031 0.899537 0.014063 0.025000
5 0.625260 0.794444 0.019271 0.031481
0 0.582031 0.675926 0.015104 0.025926
0 0.157812 0.691204 0.015625 0.025000
3 0.218750 0.561574 0.014583 0.025000
0 0.027344 0.203241 0.018229 0.023148
0 0.366146 0.198611 0.013542 0.019444
0 0.484635 0.203704 0.013021 0.025926
0 0.486458 0.885185 0.013542 0.012963
0 0.024479 0.477315 0.018750 0.036111
