5 0.397656 0.197222 0.041146 0.046296
0 0.480729 0.318519 0.033333 0.053704
6 0.293229 0.258796 0.029167 0.037963
0 0.046094 0.357870 0.028646 0.058333
0 0.247135 0.416204 0.048438 0.043519
6 0.052865 0.465278 0.020313 0.023148
0 0.063542 0.478704 0.014583 0.011111
0 0.030208 0.399537 0.010417 0.032407
0 0.027083 0.426852 0.017708 0.025926
5 0.036458 0.773611 0.059375 0.047222
0 0.178125 0.274074 0.014583 0.020370
0 0.173958 0.244907 0.015625 0.023148
0 0.405208 0.193056 0.013542 0.043519
0 0.409375 0.197222 0.013542 0.020370
6 0.247656 0.277315 0.017188 0.030556
0 0.140625 0.340741 0.012500 0.020370
0 0.078906 0.465278 0.023438 0.019444
