2 0.638281 0.898148 0.031250 0.041667
2 0.458333 0.667593 0.042188 0.090741
2 0.404687 0.106481 0.017188 0.044444
0 0.992448 0.786574 0.011458 0.029630
6 0.975000 0.237037 0.008333 0.048148
6 0.990625 0.561574 0.011979 0.040741
4 0.915885 0.611111 0.010417 0.050000
4 0.869010 0.748611 0.005729 0.052778
5 0.956771 0.831019 0.011458 0.031481
0 0.963542 0.852778 0.008854 0.020370
6 0.993229 0.833796 0.008854 0.035185
2 0.970833 0.913426 0.013021 0.076852
6 0.961458 0.954630 0.009375 0.018519
5 0.441927 0.319907 0.016146 0.040741
