5 0.105469 0.138889 0.034896 0.037037
5 0.182292 0.349074 0.034375 0.040741
0 0.155990 0.468981 0.019271 0.037963
0 0.162240 0.432870 0.014063 0.025000
6 0.443229 0.227315 0.020833 0.037963
7 0.385677 0.224074 0.014063 0.022222
5 0.368490 0.237963 0.043229 0.055556
6 0.254688 0.595370 0.027083 0.040741
5 0.331250 0.758333 0.018750 0.042593
3 0.367969 0.809259 0.023438 0.033333
0 0.032552 0.793519 0.019271 0.018519
4 0.250781 0.067130 0.032813 0.023148
0 0.938802 0.825926 0.013021 0.014815
0 0.000488 0.000923 0.000005 0.000027
0 0.239063 0.877778 0.015625 0.029630
0 0.162760 0.822222 0.027604 0.040741
0 0.152083 0.388426 0.018750 0.034259
