2 0.672396 0.522685 0.051042 0.095370
3 0.657292 0.596296 0.011458 0.038889
6 0.496354 0.715278 0.021875 0.045370
6 0.619271 0.821296 0.018750 0.038889
5 0.890365 0.965278 0.024479 0.043519
0 0.311458 0.398148 0.028125 0.029630
0 0.236979 0.347222 0.016667 0.022222
0 0.014844 0.134259 0.007812 0.020370
0 0.007812 0.236574 0.015625 0.012037
0 0.012240 0.309722 0.020313 0.041667
5 0.364063 0.485648 0.033333 0.043519
0 0.176823 0.851852 0.018229 0.022222
6 0.252865 0.650926 0.023438 0.062963
6 0.312240 0.823611 0.031771 0.039815
5 0.310937 0.903241 0.022917 0.056481
6 0.935677 0.463889 0.024479 0.031481
4 0.929167 0.500926 0.015625 0.046296
6 0.235417 0.346296 0.016667 0.027778
