5 0.313542 0.132870 0.014583 0.037963
6 0.282552 0.181481 0.013021 0.027778
0 0.034115 0.377778 0.016146 0.018519
0 0.094531 0.604630 0.022396 0.025926
6 0.152865 0.604167 0.025521 0.036111
2 0.363021 0.277315 0.028125 0.039815
0 0.277865 0.239815 0.017188 0.029630
0 0.029167 0.285185 0.025000 0.033333
0 0.043750 0.336574 0.016667 0.019444
0 0.155729 0.250926 0.017708 0.027778
6 0.049479 0.826852 0.010417 0.016667
0 0.315104 0.947685 0.015625 0.039815
2 0.260417 0.916204 0.026042 0.021296
6 0.085677 0.882870 0.013021 0.028704
0 0.223177 0.522685 0.015104 0.045370
2 0.584375 0.658333 0.037500 0.042593
0 0.566667 0.690741 0.019792 0.025926
0 0.508333 0.677778 0.012500 0.022222
0 0.509375 0.986111 0.015625 0.027778
0 0.884896 0.867593 0.017708 0.035185
0 0.937760 0.562963 0.042188 0.025926
5 0.726042 0.515741 0.042708 0.038889
5 0.829427 0.238426 0.021354 0.025000
5 0.882812 0.279630 0.032292 0.027778
5 0.897656 0.295370 0.038021 0.037037
5 0.906510 0.592130 0.064062 0.058333
0 0.882812 0.737500 0.021875 0.071296
0 0.923438 0.650000 0.033333 0.040741
5 0.621354 0.562500 0.033333 0.052778
0 0.598698 0.582407 0.030729 0.038889
0 0.682813 0.430556 0.017708 0.025926
6 0.618229 0.505556 0.013542 0.020370
2 0.617448 0.625926 0.020313 0.027778
0 0.888021 0.927315 0.016667 0.019444
