5 0.080208 0.975000 0.010417 0.025000
5 0.088802 0.909722 0.011458 0.026852
6 0.353125 0.784722 0.016667 0.032407
2 0.333854 0.956481 0.020313 0.049074
0 0.069792 0.711574 0.008854 0.017593
5 0.125781 0.536111 0.011458 0.023148
5 0.062760 0.487037 0.016667 0.037963
0 0.075521 0.391667 0.008333 0.053704
6 0.225521 0.194907 0.009375 0.025000
5 0.629427 0.117130 0.025521 0.055556
0 0.633854 0.199074 0.015104 0.017593
5 0.468229 0.503241 0.028125 0.034259
5 0.582031 0.492130 0.013021 0.048148
0 0.608333 0.550000 0.010937 0.023148
5 0.411979 0.557870 0.015625 0.043519
6 0.871875 0.573148 0.025521 0.030556
6 0.633594 0.381481 0.007292 0.025000
