4 0.135677 0.958796 0.015625 0.025000
4 0.279427 0.919907 0.008333 0.043519
3 0.179688 0.648611 0.014583 0.032407
4 0.295573 0.759259 0.011979 0.051852
4 0.235417 0.564815 0.007812 0.051852
4 0.011979 0.265278 0.011979 0.025926
1 0.471094 0.288426 0.017708 0.022222
5 0.478385 0.569907 0.011979 0.035185
0 0.546094 0.609259 0.006771 0.015741
0 0.667188 0.984722 0.015104 0.028704
0 0.580990 0.666667 0.015625 0.017593
5 0.792448 0.296296 0.020313 0.047222
0 0.996094 0.202778 0.007812 0.034259
5 0.951302 0.359259 0.009375 0.030556
4 0.991927 0.665741 0.005729 0.031481
0 0.994531 0.724074 0.010937 0.037037
0 0.808594 0.356481 0.009375 0.012963
0 0.764323 0.107870 0.009375 0.018519
0 0.736458 0.131481 0.005208 0.025000
0 0.847917 0.170370 0.012500 0.012963
