5 0.087500 0.813889 0.015104 0.042593
0 0.212760 0.902315 0.008333 0.018519
0 0.111458 0.700926 0.006771 0.016667
5 0.242448 0.693056 0.008333 0.020370
0 0.137500 0.702778 0.004687 0.012037
6 0.184635 0.423148 0.010417 0.037037
0 0.075000 0.437037 0.010417 0.026852
0 0.257812 0.523148 0.013542 0.011111
0 0.212500 0.581019 0.008854 0.030556
0 0.405469 0.581481 0.007812 0.016667
4 0.380990 0.466667 0.013021 0.047222
8 0.553906 0.375463 0.013021 0.023148
0 0.773698 0.204167 0.009375 0.013889
0 0.837500 0.163426 0.009896 0.034259
0 0.816406 0.371296 0.018229 0.027778
5 0.792448 0.436111 0.019792 0.041667
4 0.786979 0.542130 0.010417 0.043519
6 0.824479 0.842130 0.012500 0.023148
6 0.963802 0.968519 0.010417 0.014815
0 0.946615 0.596296 0.011458 0.023148
5 0.934115 0.468519 0.006771 0.036111
0 0.971615 0.552315 0.005208 0.014815
