2 0.517188 0.933333 0.022917 0.050000
5 0.530208 0.195833 0.029167 0.045370
6 0.529167 0.370370 0.023958 0.027778
0 0.928646 0.281481 0.021875 0.031481
1 0.711719 0.679630 0.025521 0.048148
5 0.812240 0.158333 0.030729 0.046296
5 0.947656 0.657870 0.033854 0.026852
0 0.925000 0.172685 0.020833 0.028704
6 0.613281 0.478241 0.033854 0.026852
0 0.923177 0.408333 0.021354 0.016667
0 0.540365 0.562037 0.015104 0.025926
4 0.554167 0.604167 0.020833 0.034259
9 0.453906 0.755093 0.019271 0.023148
0 0.950260 0.280093 0.021354 0.028704
6 0.927865 0.284722 0.022396 0.028704
0 0.951302 0.331944 0.011979 0.017593
0 0.952344 0.310648 0.010937 0.015741
0 0.589844 0.402315 0.018229 0.026852
0 0.945312 0.826389 0.012500 0.013889
2 0.714844 0.782870 0.033854 0.047222
0 0.656250 0.759259 0.016667 0.025926
0 0.041406 0.664815 0.013021 0.024074
1 0.348698 0.784722 0.010937 0.028704
