6 0.590365 0.356944 0.021354 0.028704
0 0.744792 0.815278 0.012500 0.019444
0 0.369531 0.455556 0.018229 0.022222
6 0.211719 0.190278 0.015104 0.019444
2 0.767969 0.349074 0.033854 0.079630
5 0.734115 0.684259 0.017188 0.042593
0 0.916667 0.289815 0.025000 0.050000
3 0.325000 0.085185 0.012500 0.027778
0 0.676823 0.120370 0.018229 0.024074
7 0.486458 0.073611 0.011458 0.015741
5 0.874479 0.572685 0.023958 0.030556
0 0.618750 0.904167 0.013542 0.034259
0 0.941146 0.866667 0.023958 0.024074
4 0.369531 0.178704 0.033854 0.027778
