2 0.122656 0.427315 0.014583 0.041667
2 0.143490 0.405556 0.031250 0.061111
5 0.292448 0.393519 0.019792 0.053704
0 0.335938 0.160185 0.006771 0.018519
6 0.319010 0.372222 0.019792 0.056481
5 0.315104 0.534722 0.024479 0.065741
0 0.175521 0.350926 0.022917 0.021296
0 0.226823 0.395833 0.009375 0.024074
6 0.166667 0.429167 0.008854 0.013889
6 0.201563 0.594907 0.011458 0.023148
5 0.242708 0.552778 0.006771 0.012963
0 0.228385 0.562963 0.005729 0.015741
2 0.291927 0.883333 0.039583 0.050926
0 0.337760 0.606019 0.008854 0.029630
0 0.391927 0.695833 0.006250 0.010185
0 0.381510 0.674537 0.006250 0.012037
0 0.194792 0.631481 0.007812 0.016667
0 0.423438 0.703241 0.019792 0.053704
0 0.414323 0.655093 0.014063 0.038889
0 0.515365 0.670833 0.016146 0.050926
3 0.597135 0.567593 0.013021 0.025000
3 0.661719 0.382407 0.018229 0.031481
3 0.886198 0.523148 0.010937 0.026852
4 0.849740 0.645833 0.018229 0.025000
4 0.692187 0.835648 0.016146 0.030556
