6 0.145313 0.259722 0.022917 0.023148
0 0.053646 0.326389 0.021875 0.021296
6 0.272396 0.362500 0.033333 0.054630
6 0.263802 0.540741 0.024479 0.040741
0 0.231510 0.528704 0.019271 0.037037
4 0.329948 0.550000 0.040104 0.035185
2 0.359896 0.590278 0.019792 0.037963
3 0.421615 0.791204 0.029687 0.028704
3 0.223438 0.817593 0.017708 0.027778
6 0.332292 0.962500 0.027083 0.037963
0 0.293750 0.989815 0.011458 0.020370
0 0.268490 0.975926 0.019271 0.037037
6 0.985156 0.695370 0.024479 0.037037
3 0.356510 0.157407 0.023438 0.033333
0 0.449740 0.941204 0.009896 0.017593
