6 0.374479 0.367593 0.013021 0.032407
5 0.321875 0.275463 0.025000 0.037963
6 0.322135 0.191667 0.013021 0.018519
0 0.273958 0.210648 0.007812 0.026852
6 0.088542 0.659259 0.013021 0.024074
6 0.087500 0.534259 0.010417 0.019444
0 0.319271 0.452778 0.003646 0.016667
6 0.356250 0.813889 0.018229 0.042593
0 0.061719 0.701852 0.006771 0.015741
0 0.376042 0.992130 0.009896 0.015741
0 0.503906 0.925463 0.009896 0.016667
3 0.535417 0.897222 0.006771 0.025000
4 0.606250 0.926852 0.010937 0.021296
0 0.548177 0.831019 0.006250 0.008333
5 0.866406 0.829167 0.018229 0.063889
6 0.865104 0.257407 0.012500 0.032407
5 0.756250 0.322222 0.013542 0.025000
0 0.775000 0.377315 0.009896 0.026852
0 0.884115 0.397222 0.013542 0.037037
6 0.473698 0.350463 0.006771 0.010185
0 0.025000 0.683796 0.006771 0.015741
