5 0.438542 0.913889 0.041667 0.044444
0 0.633594 0.876852 0.019271 0.042593
0 0.564583 0.867130 0.035417 0.052778
5 0.700521 0.362963 0.025000 0.048148
6 0.390365 0.419907 0.027604 0.043519
6 0.414583 0.284259 0.034375 0.057407
2 0.498177 0.920370 0.024479 0.046296
4 0.787500 0.253241 0.033333 0.030556
6 0.372656 0.364815 0.024479 0.040741
0 0.700521 0.938426 0.019792 0.041667
0 0.869010 0.736574 0.013021 0.028704
0 0.228385 0.494907 0.014063 0.032407
0 0.392448 0.586111 0.020313 0.038889
5 0.504167 0.754167 0.035417 0.047222
5 0.529427 0.672222 0.040104 0.037037
5 0.546875 0.760648 0.020833 0.045370
5 0.528385 0.913889 0.030729 0.038889
0 0.366667 0.135185 0.010417 0.033333
0 0.398438 0.211574 0.020833 0.032407
0 0.444010 0.198148 0.016146 0.035185
0 0.368229 0.171296 0.018750 0.040741
5 0.440885 0.634722 0.031771 0.084259
5 0.674219 0.345370 0.021354 0.031481
5 0.699479 0.938426 0.020833 0.043519
6 0.629948 0.881019 0.019271 0.047222
0 0.568750 0.979167 0.011458 0.034259
0 0.472917 0.902778 0.009375 0.020370
3 0.379167 0.781481 0.012500 0.018519
6 0.467187 0.750926 0.015625 0.033333
0 0.501563 0.718056 0.022917 0.043519
0 0.278385 0.227315 0.017188 0.023148
0 0.428385 0.603241 0.015104 0.019444
