3 0.153674 0.004239 0.011767 0.008482
8 0.319735 0.420616 0.014565 0.016644
5 0.351875 0.617351 0.007671 0.012730
7 0.049259 0.651222 0.002165 0.003809
0 0.233918 0.964029 0.007184 0.006368
7 0.062369 0.954372 0.002272 0.003208
0 0.430197 0.982926 0.007642 0.006778
0 0.438830 0.966277 0.005413 0.011422
0 0.535699 0.949905 0.013549 0.011461
5 0.601667 0.754950 0.021664 0.041895
4 0.615750 0.614582 0.007714 0.011914
4 0.728179 0.620005 0.009778 0.018043
4 0.709725 0.635952 0.010358 0.006816
4 0.515009 0.509652 0.005442 0.012754
0 0.709013 0.548831 0.010197 0.010253
6 0.424615 0.421193 0.003009 0.005589
0 0.442383 0.392043 0.002748 0.003556
0 0.495846 0.356988 0.007964 0.007928
0 0.564841 0.223036 0.007392 0.008372
6 0.462440 0.002363 0.004751 0.004726
0 0.659843 0.129470 0.007456 0.006764
1 0.802608 0.070019 0.004497 0.014368
4 0.871785 0.609757 0.008823 0.002597
0 0.932487 0.708716 0.008512 0.011866
8 0.796397 0.748969 0.014816 0.021995
1 0.788365 0.758621 0.007181 0.014878
2 0.846909 0.794158 0.022243 0.019389
0 0.849936 0.873523 0.009345 0.012368
