0 0.091614 0.284463 0.010444 0.012625
2 0.008580 0.597126 0.017156 0.034974
0 0.308168 0.773379 0.011070 0.012430
4 0.252487 0.797537 0.005775 0.010716
0 0.247767 0.840788 0.010744 0.012687
0 0.291467 0.861671 0.008773 0.008654
0 0.162286 0.926363 0.006401 0.007165
0 0.021628 0.901613 0.005943 0.003604
0 0.416508 0.759122 0.007528 0.012802
5 0.749839 0.787757 0.022987 0.019728
1 0.803191 0.836539 0.009352 0.016053
8 0.796021 0.844788 0.012640 0.020640
0 0.753886 0.874177 0.011242 0.008807
0 0.804150 0.742974 0.008716 0.016086
4 0.841728 0.783766 0.011971 0.013785
1 0.502884 0.694621 0.024748 0.025718
3 0.675478 0.595580 0.010422 0.010916
0 0.557485 0.455489 0.008626 0.007508
0 0.579889 0.432057 0.010987 0.010430
4 0.853510 0.978048 0.008508 0.019322
4 0.942147 0.891642 0.010365 0.005174
