4 0.028733 0.032573 0.006987 0.004353
3 0.159127 0.385465 0.006848 0.011527
9 0.124640 0.465718 0.010379 0.011408
0 0.763900 0.492229 0.009320 0.014200
0 0.723335 0.411842 0.015657 0.019895
2 0.491356 0.439752 0.013782 0.017494
0 0.420934 0.283814 0.002873 0.005332
0 0.498608 0.248200 0.008361 0.013652
0 0.445159 0.350649 0.009810 0.007976
0 0.385868 0.335828 0.002705 0.002945
0 0.330072 0.494745 0.003843 0.003628
0 0.215445 0.473184 0.010401 0.004893
0 0.361474 0.587088 0.009685 0.009862
4 0.223606 0.221212 0.008036 0.007737
0 0.198515 0.285346 0.006987 0.009800
