3 0.438970 0.130320 0.017771 0.018167
0 0.414998 0.462788 0.010791 0.017236
7 0.381850 0.578239 0.003145 0.004038
1 0.370057 0.576067 0.006333 0.009055
0 0.151825 0.704062 0.015127 0.011589
0 0.087152 0.734048 0.008683 0.010959
0 0.058243 0.708530 0.005939 0.010950
3 0.155299 0.880401 0.008816 0.015885
2 0.201259 0.884654 0.007420 0.010783
2 0.278265 0.952616 0.029356 0.033093
7 0.336848 0.758749 0.007814 0.010396
0 0.325435 0.671112 0.008962 0.007551
0 0.271986 0.694716 0.004623 0.006477
0 0.040651 0.987580 0.005428 0.011274
2 0.524494 0.913580 0.024111 0.047704
0 0.550376 0.846644 0.005338 0.008263
0 0.457624 0.734773 0.003578 0.010721
1 0.471202 0.711041 0.008297 0.009203
8 0.746394 0.654091 0.030379 0.033976
3 0.780784 0.625542 0.005886 0.014200
0 0.745886 0.507905 0.013553 0.012038
1 0.794680 0.529084 0.009667 0.008458
0 0.586902 0.553542 0.007671 0.013241
8 0.805073 0.047632 0.013113 0.013074
7 0.868229 0.927957 0.002848 0.003981
