4 0.024577 0.290121 0.004658 0.010864
3 0.222699 0.359746 0.013673 0.007050
4 0.062227 0.649350 0.005290 0.019161
0 0.438801 0.521464 0.009604 0.008064
5 0.809330 0.768607 0.028910 0.060332
0 0.746524 0.573714 0.007239 0.017364
0 0.500826 0.044004 0.009212 0.021896
0 0.518483 0.029896 0.015978 0.010450
0 0.450207 0.080925 0.010278 0.016550
0 0.557039 0.061768 0.004855 0.010936
4 0.607274 0.029364 0.009150 0.024836
1 0.907939 0.150543 0.014418 0.011318
0 0.799050 0.147693 0.005954 0.008514
0 0.996781 0.094554 0.006439 0.013636
