1 0.278433 0.051551 0.007084 0.014110
0 0.321499 0.092506 0.006479 0.004391
6 0.269556 0.177169 0.008429 0.014177
0 0.354422 0.165604 0.006272 0.010539
0 0.370809 0.147518 0.004826 0.009556
4 0.236462 0.077795 0.001524 0.015026
0 0.242973 0.974391 0.004336 0.003060
4 0.500995 0.965184 0.008748 0.004916
0 0.412043 0.655379 0.006383 0.008983
0 0.516923 0.087289 0.002927 0.004883
4 0.687270 0.338444 0.006007 0.010768
1 0.724948 0.239671 0.010161 0.010024
5 0.495331 0.655379 0.014168 0.006539
0 0.399989 0.670329 0.006064 0.005002
