9 0.027932 0.121150 0.007850 0.007800
4 0.220254 0.014229 0.006558 0.007828
4 0.203270 0.206554 0.004229 0.009885
5 0.203628 0.468420 0.008050 0.008802
0 0.004658 0.477924 0.002533 0.004487
4 0.145488 0.483260 0.006007 0.009675
1 0.154487 0.797384 0.008422 0.011465
0 0.146987 0.795236 0.009674 0.013728
9 0.222605 0.856348 0.006884 0.011532
0 0.193206 0.777795 0.007764 0.005642
0 0.167102 0.842964 0.007893 0.008783
0 0.230082 0.879666 0.019839 0.031031
0 0.110476 0.974038 0.003657 0.004831
4 0.193113 0.939198 0.006197 0.008673
6 0.512047 0.996315 0.007918 0.007375
0 0.493792 0.924095 0.006079 0.006792
4 0.424705 0.893313 0.001810 0.015718
4 0.286776 0.864558 0.004240 0.017399
4 0.372751 0.874807 0.005109 0.020635
4 0.477428 0.913465 0.004436 0.014477
1 0.453345 0.900716 0.009274 0.010487
1 0.431728 0.646191 0.008683 0.008573
4 0.449510 0.674019 0.009975 0.005604
4 0.358129 0.615212 0.002970 0.007795
4 0.424580 0.591279 0.005546 0.004158
4 0.458200 0.457747 0.005835 0.003733
4 0.381567 0.412272 0.009191 0.004234
0 0.297982 0.388439 0.005023 0.008678
0 0.445424 0.302482 0.008955 0.015427
8 0.325778 0.190959 0.021156 0.024186
8 0.365327 0.238353 0.021746 0.016072
4 0.416261 0.222535 0.004054 0.010248
9 0.371356 0.223370 0.005209 0.009251
0 0.378179 0.248353 0.007996 0.011499
4 0.449807 0.012568 0.003696 0.010749
7 0.564898 0.113002 0.011993 0.022196
0 0.608233 0.080897 0.032902 0.024721
0 0.682651 0.155494 0.005592 0.009079
0 0.631123 0.252029 0.010533 0.013399
0 0.599764 0.507351 0.029918 0.025847
7 0.607585 0.529203 0.002233 0.002673
2 0.600011 0.923274 0.008333 0.010697
2 0.882290 0.931427 0.010487 0.010305
7 0.930376 0.887413 0.010662 0.007795
3 0.959928 0.991914 0.006569 0.008702
0 0.970397 0.980234 0.005073 0.010931
10 0.915553 0.619232 0.005091 0.014850
0 0.908837 0.101508 0.009699 0.005957
4 0.885202 0.058038 0.009478 0.010816
