7 0.146197 0.467846 0.002386 0.003796
2 0.113575 0.759046 0.012073 0.012711
0 0.183407 0.745504 0.007213 0.018029
3 0.306842 0.971639 0.004311 0.006268
0 0.307336 0.960854 0.002892 0.006232
0 0.551351 0.932286 0.002768 0.002061
1 0.456605 0.722121 0.021728 0.013975
0 0.554302 0.706264 0.004793 0.007371
3 0.558027 0.446536 0.011811 0.023093
2 0.458716 0.142168 0.014751 0.021336
6 0.435653 0.121500 0.007821 0.007218
0 0.566510 0.118904 0.024473 0.033136
3 0.631807 0.512032 0.010344 0.016996
0 0.665591 0.591882 0.010392 0.013139
3 0.692702 0.532950 0.009145 0.013514
0 0.733162 0.710146 0.012206 0.016707
0 0.648818 0.925021 0.009915 0.009846
4 0.581676 0.892500 0.007239 0.013729
