0 0.003893 0.005943 0.007785 0.011885
0 0.009406 0.003852 0.008844 0.007704
0 0.017263 0.119618 0.009560 0.011852
9 0.077903 0.166912 0.009098 0.011785
6 0.180161 0.056081 0.009717 0.011962
6 0.049792 0.252177 0.015538 0.017399
4 0.005571 0.264348 0.011141 0.007389
4 0.253188 0.155532 0.002519 0.010835
0 0.493725 0.833862 0.006483 0.007041
0 0.537220 0.857714 0.006773 0.004711
2 0.368283 0.803212 0.008977 0.012210
8 0.282526 0.758205 0.013753 0.013618
7 0.524995 0.459365 0.008165 0.009652
1 0.490787 0.437041 0.007782 0.011308
4 0.353739 0.192411 0.011209 0.016921
3 0.474537 0.275933 0.008401 0.009298
0 0.467435 0.282654 0.005828 0.004816
3 0.499850 0.353842 0.005871 0.007537
0 0.488243 0.365212 0.004469 0.011656
0 0.500411 0.294511 0.006991 0.009766
7 0.519932 0.142234 0.002408 0.003819
0 0.443725 0.127241 0.004301 0.006353
2 0.321814 0.038964 0.009968 0.012344
0 0.360018 0.012453 0.005610 0.007723
0 0.353030 0.025632 0.004061 0.004582
0 0.701131 0.040162 0.012662 0.014124
0 0.555982 0.204158 0.008555 0.010496
1 0.549800 0.334320 0.012157 0.005365
3 0.571796 0.408434 0.010987 0.011776
0 0.566687 0.434697 0.004662 0.006640
0 0.741986 0.338663 0.006376 0.008334
1 0.560361 0.751594 0.011474 0.008387
0 0.660372 0.951399 0.005127 0.006697
0 0.558998 0.947862 0.004469 0.007527
4 0.870515 0.981580 0.005667 0.008993
0 0.865184 0.971675 0.003188 0.004764
0 0.892436 0.842177 0.032383 0.019532
3 0.865381 0.975747 0.006691 0.008234
0 0.977946 0.433470 0.006376 0.007241
2 0.867109 0.429346 0.006640 0.009451
6 0.968190 0.353704 0.007886 0.014568
9 0.838125 0.082859 0.010590 0.016730
4 0.962372 0.020730 0.008326 0.017661
0 0.858562 0.166850 0.004998 0.007714
0 0.788551 0.160969 0.009467 0.010377
5 0.545116 0.518291 0.006755 0.007695
