1 0.190385 0.033371 0.005757 0.025557
0 0.449853 0.422450 0.010734 0.016329
0 0.346111 0.265075 0.042911 0.053600
3 0.451610 0.081021 0.016648 0.021850
10 0.457866 0.066929 0.006705 0.007368
10 0.475332 0.063993 0.008208 0.006014
0 0.408276 0.005939 0.016301 0.011879
0 0.448737 0.007582 0.014677 0.015168
4 0.549779 0.049582 0.012759 0.004925
3 0.536194 0.034975 0.003787 0.004736
8 0.780586 0.164379 0.043352 0.054361
8 0.742142 0.144104 0.017039 0.019079
1 0.624297 0.092257 0.014095 0.013957
3 0.661049 0.291689 0.021163 0.024386
1 0.708177 0.343371 0.016173 0.027489
0 0.841021 0.458393 0.004772 0.012521
8 0.704725 0.615061 0.014072 0.024118
0 0.681432 0.635957 0.004060 0.006571
0 0.653229 0.985089 0.004233 0.008825
3 0.972502 0.431204 0.015066 0.025639
0 0.939031 0.180721 0.032160 0.054679
0 0.962775 0.102704 0.003324 0.006993
7 0.957652 0.017618 0.002633 0.004000
