0 0.214715 0.216646 0.011439 0.014496
1 0.120981 0.366086 0.006453 0.026604
0 0.279689 0.626204 0.043644 0.058082
0 0.161204 0.731854 0.007574 0.011061
0 0.165047 0.717871 0.008046 0.012164
0 0.137507 0.774061 0.010318 0.013432
0 0.044202 0.808439 0.006745 0.009246
0 0.378367 0.996032 0.007825 0.007939
3 0.391225 0.423607 0.017745 0.022111
10 0.399618 0.410271 0.007398 0.006421
10 0.415845 0.410371 0.009288 0.005657
0 0.391332 0.346964 0.015812 0.019904
4 0.498181 0.392336 0.012904 0.006646
4 0.534414 0.330657 0.007412 0.011193
0 0.344539 0.341021 0.018965 0.019004
0 0.305710 0.109918 0.006745 0.009432
2 0.567177 0.175661 0.032073 0.028550
2 0.572885 0.190832 0.047172 0.041843
3 0.828632 0.299082 0.018170 0.022682
3 0.861448 0.301250 0.021707 0.016264
2 0.842989 0.279904 0.014409 0.022136
2 0.829015 0.279096 0.013592 0.015354
8 0.737576 0.520021 0.044801 0.057093
8 0.697460 0.498068 0.015254 0.020936
1 0.575463 0.439232 0.014884 0.015657
3 0.484929 0.375454 0.004675 0.006318
3 0.615408 0.653929 0.022220 0.025775
1 0.665743 0.711939 0.016636 0.030221
0 0.666280 0.996161 0.012557 0.007679
3 0.929786 0.816175 0.016897 0.028954
0 0.794411 0.846068 0.007286 0.014579
0 0.899888 0.540557 0.031619 0.055804
0 0.772581 0.530068 0.003554 0.007046
0 0.922854 0.458325 0.003153 0.006918
3 0.938416 0.333275 0.019387 0.017807
