6 0.188809 0.274587 0.011002 0.009465
0 0.291284 0.197189 0.003989 0.004735
3 0.230562 0.177346 0.007678 0.002444
0 0.295721 0.307236 0.002962 0.006334
0 0.327767 0.353900 0.005538 0.004076
4 0.433617 0.600377 0.008007 0.005208
2 0.447202 0.960568 0.007045 0.010516
7 0.715453 0.779189 0.007936 0.010706
4 0.537928 0.786143 0.010691 0.004611
4 0.528011 0.773079 0.001996 0.010888
4 0.503757 0.772773 0.006043 0.002301
0 0.561184 0.667547 0.004655 0.012344
0 0.735921 0.197337 0.007528 0.007418
1 0.492444 0.244019 0.006773 0.009647
1 0.622551 0.799809 0.005603 0.007881
