3 0.405052 0.014611 0.006544 0.008258
0 0.048394 0.438959 0.009696 0.019470
7 0.073381 0.682487 0.008168 0.018053
0 0.376429 0.791547 0.008962 0.008749
1 0.417134 0.883523 0.009796 0.010563
8 0.701546 0.521695 0.012916 0.015074
0 0.705560 0.423088 0.016025 0.007508
2 0.795220 0.394525 0.013295 0.021776
0 0.634769 0.392697 0.009070 0.013866
0 0.627567 0.442029 0.004351 0.010444
0 0.675470 0.464272 0.004805 0.004735
0 0.670787 0.468229 0.004612 0.004993
0 0.536730 0.338305 0.006254 0.007289
0 0.757352 0.274601 0.007424 0.006496
6 0.771188 0.362850 0.009084 0.010291
3 0.669832 0.171742 0.007800 0.014243
3 0.653542 0.194539 0.007860 0.011623
1 0.717320 0.118411 0.011957 0.009041
0 0.716268 0.150735 0.007996 0.009055
3 0.789728 0.005232 0.006580 0.010463
0 0.709052 0.002005 0.003184 0.004005
0 0.806766 0.165542 0.005946 0.012267
3 0.921145 0.611365 0.006125 0.007513
5 0.788937 0.896473 0.006472 0.011437
