0 0.426719 0.211568 0.019404 0.025486
3 0.329207 0.623714 0.005712 0.009404
3 0.435634 0.194300 0.013065 0.013943
5 0.482336 0.304707 0.011586 0.018361
5 0.475900 0.303375 0.007099 0.016096
3 0.404537 0.428207 0.016693 0.025507
3 0.406486 0.418246 0.013758 0.018439
0 0.519955 0.450193 0.004869 0.007086
0 0.462688 0.547396 0.009475 0.016857
5 0.562828 0.562250 0.018003 0.014986
7 0.357650 0.505757 0.003122 0.004250
0 0.347828 0.616107 0.004399 0.006311
5 0.450489 0.690589 0.015556 0.021014
5 0.513801 0.656089 0.009926 0.014521
3 0.440375 0.972404 0.003044 0.019136
3 0.207840 0.982586 0.014580 0.016039
4 0.198796 0.982286 0.002783 0.001836
0 0.239972 0.914046 0.006156 0.007321
0 0.282562 0.967254 0.008272 0.008218
0 0.337813 0.995182 0.018091 0.009639
3 0.239950 0.877332 0.010522 0.013068
7 0.634017 0.712546 0.003158 0.004693
4 0.676980 0.719914 0.010817 0.009361
7 0.593590 0.309911 0.002616 0.003443
0 0.700596 0.173950 0.009594 0.015250
0 0.803981 0.240493 0.013739 0.019689
0 0.725605 0.540589 0.006125 0.007796
6 0.779974 0.691725 0.014176 0.013775
3 0.947581 0.655443 0.005487 0.007000
5 0.986102 0.537118 0.010237 0.014696
