0 0.496190 0.883126 0.007993 0.009819
0 0.485406 0.882172 0.003506 0.003193
0 0.561989 0.769847 0.004433 0.007838
0 0.410787 0.739442 0.004018 0.008377
0 0.537574 0.674496 0.006526 0.006115
0 0.492816 0.649704 0.005399 0.007375
1 0.559628 0.564014 0.009657 0.005174
3 0.587653 0.557475 0.006816 0.008697
0 0.524322 0.361905 0.004691 0.004382
5 0.536429 0.322477 0.007821 0.007857
7 0.518279 0.262396 0.007327 0.009112
1 0.483617 0.240568 0.008032 0.011895
3 0.564676 0.211685 0.010998 0.011804
3 0.493238 0.160014 0.006190 0.007389
1 0.543567 0.140831 0.010952 0.004878
0 0.481030 0.171131 0.003256 0.009041
0 0.495725 0.101327 0.007184 0.010105
3 0.469195 0.083274 0.009027 0.011179
0 0.462458 0.091437 0.005102 0.004936
0 0.550047 0.013174 0.008000 0.011055
0 0.901585 0.912396 0.010411 0.013198
0 0.867320 0.791470 0.004351 0.004907
0 0.894748 0.660329 0.030555 0.017055
2 0.864265 0.238511 0.008479 0.009241
0 0.978966 0.242659 0.006415 0.008248
6 0.971581 0.161647 0.008755 0.014740
0 0.967975 0.294487 0.005524 0.004387
0 0.664204 0.774382 0.005420 0.005776
4 0.872186 0.800759 0.003084 0.006167
3 0.868519 0.796530 0.005445 0.008597
