3 0.477424 0.994086 0.009725 0.011829
8 0.469490 0.901486 0.008868 0.013375
8 0.519371 0.958521 0.007811 0.010221
0 0.534848 0.926614 0.004183 0.006946
0 0.606712 0.904707 0.005660 0.011839
2 0.608058 0.839932 0.004373 0.014761
0 0.562153 0.343314 0.003521 0.004321
0 0.583077 0.224979 0.004392 0.008846
3 0.543352 0.107432 0.004259 0.016700
1 0.496206 0.062182 0.010093 0.020407
8 0.807118 0.075343 0.009402 0.017279
8 0.820883 0.084057 0.034079 0.044036
1 0.740881 0.154018 0.011353 0.014329
0 0.708906 0.241400 0.014938 0.022032
0 0.746693 0.268536 0.005033 0.007129
0 0.700912 0.292682 0.004824 0.004479
8 0.652642 0.339961 0.007961 0.009432
1 0.749364 0.372136 0.005807 0.021914
3 0.892032 0.392257 0.010878 0.020929
2 0.854938 0.434107 0.010427 0.025607
2 0.835605 0.464550 0.029219 0.071539
0 0.883426 0.451121 0.007697 0.008100
8 0.784644 0.512896 0.024164 0.030546
0 0.693082 0.565507 0.010696 0.018829
0 0.662614 0.522525 0.005553 0.004671
0 0.663348 0.448954 0.002455 0.008679
3 0.798329 0.690361 0.012704 0.021882
7 0.694836 0.783125 0.014530 0.020825
7 0.831771 0.875550 0.007813 0.023525
0 0.734316 0.896986 0.007355 0.017957
6 0.872761 0.973046 0.009858 0.023736
6 0.966130 0.924536 0.005731 0.010464
4 0.855458 0.751821 0.007229 0.004975
2 0.918962 0.627493 0.011557 0.019739
3 0.918065 0.568211 0.021510 0.033546
0 0.909112 0.616996 0.007194 0.005132
