4 0.106955 0.251012 0.006530 0.004578
4 0.109553 0.339289 0.005431 0.001747
3 0.172848 0.385041 0.006941 0.008883
3 0.144533 0.472969 0.009839 0.010329
0 0.001460 0.542301 0.002923 0.009675
3 0.381123 0.598000 0.007868 0.008138
0 0.307059 0.654974 0.003703 0.005709
11 0.251356 0.450831 0.008068 0.007642
2 0.208583 0.473017 0.021846 0.039480
0 0.266823 0.492582 0.002719 0.004368
0 0.350583 0.504258 0.003549 0.003079
0 0.276050 0.278220 0.010097 0.015909
2 0.514576 0.449480 0.012640 0.015155
7 0.545284 0.644783 0.002916 0.003623
0 0.789939 0.506563 0.010619 0.015718
8 0.830705 0.495800 0.039038 0.042854
2 0.747750 0.422172 0.016823 0.014420
3 0.698608 0.503757 0.003556 0.015714
0 0.751549 0.458998 0.005317 0.006955
