4 0.190541 0.098100 0.007780 0.003914
4 0.137889 0.043225 0.004646 0.011761
4 0.058490 0.086971 0.010423 0.015757
6 0.015266 0.344346 0.004710 0.006975
0 0.201923 0.623296 0.018882 0.021239
7 0.475867 0.903343 0.003754 0.005607
5 0.609461 0.902904 0.007659 0.008546
5 0.359608 0.524382 0.002020 0.003296
5 0.375810 0.494975 0.021052 0.021879
4 0.608519 0.360250 0.006116 0.023132
0 0.574252 0.264236 0.003070 0.002664
0 0.596109 0.192421 0.006356 0.008586
0 0.520527 0.068929 0.011508 0.013679
3 0.538485 0.055096 0.012453 0.017618
3 0.632241 0.042200 0.012609 0.015043
0 0.708837 0.086564 0.005494 0.010389
1 0.712628 0.149343 0.006906 0.028518
4 0.783048 0.417168 0.004086 0.021736
3 0.761275 0.516582 0.013340 0.021993
3 0.889532 0.732886 0.004433 0.007150
4 0.861890 0.761518 0.007137 0.005239
3 0.835871 0.930107 0.015411 0.021193
