0 0.297270 0.349657 0.010909 0.021079
3 0.174019 0.668014 0.029945 0.041543
0 0.203257 0.738704 0.004150 0.007518
0 0.193153 0.818743 0.006299 0.008325
5 0.169611 0.841771 0.009091 0.015561
3 0.238578 0.965139 0.012194 0.019036
7 0.409974 0.951364 0.003454 0.005457
0 0.386906 0.640611 0.007597 0.012743
3 0.515211 0.481182 0.013089 0.015975
0 0.382543 0.363136 0.006719 0.006293
7 0.443986 0.313554 0.003509 0.006118
8 0.522348 0.193557 0.020793 0.045714
0 0.556273 0.201318 0.017443 0.019843
2 0.689378 0.449014 0.009513 0.020589
0 0.693419 0.757546 0.002009 0.009125
0 0.833590 0.884632 0.022633 0.042118
