0 0.065546 0.067871 0.009868 0.013236
0 0.277231 0.654430 0.008318 0.009871
0 0.233274 0.631518 0.010039 0.012940
4 0.236193 0.585155 0.006855 0.010076
0 0.292476 0.560430 0.010973 0.013909
0 0.149542 0.717465 0.006451 0.007246
8 0.224458 0.823661 0.013088 0.027303
3 0.050630 0.804511 0.008032 0.011122
0 0.475664 0.907589 0.005313 0.005900
4 0.445932 0.930191 0.011077 0.004635
0 0.854479 0.847002 0.008798 0.010329
8 0.796004 0.642745 0.012157 0.021914
1 0.803631 0.634740 0.008397 0.013866
5 0.747442 0.583742 0.024426 0.022468
1 0.487499 0.478654 0.027392 0.024630
0 0.400748 0.545131 0.006630 0.011399
0 0.799156 0.536506 0.010054 0.012931
2 0.662852 0.382621 0.009510 0.011847
0 0.536755 0.239341 0.009098 0.008506
