3 0.454998 0.324406 0.008014 0.011656
0 0.449900 0.344635 0.008014 0.009074
3 0.433928 0.492821 0.003614 0.010907
0 0.300733 0.513179 0.008000 0.011699
5 0.363810 0.675198 0.011256 0.014220
5 0.268955 0.971451 0.013231 0.025838
0 0.099360 0.891881 0.006576 0.005375
0 0.589256 0.853107 0.008301 0.008768
0 0.899317 0.856258 0.005270 0.007055
8 0.901739 0.687021 0.008075 0.011656
0 0.622039 0.504181 0.007170 0.006439
0 0.725792 0.479146 0.006519 0.009613
4 0.773195 0.481360 0.005860 0.021112
3 0.822651 0.655069 0.007721 0.004348
0 0.889045 0.265031 0.009521 0.015103
0 0.863392 0.168759 0.022379 0.022792
1 0.801270 0.129432 0.004737 0.016234
8 0.808429 0.117761 0.016937 0.024807
0 0.955506 0.078081 0.009857 0.013513
5 0.611499 0.113112 0.020297 0.048172
0 0.844197 0.072649 0.011041 0.015885
0 0.950866 0.168191 0.008530 0.012305
