6 0.190689 0.010868 0.003993 0.008486
7 0.047892 0.442936 0.003680 0.004150
2 0.121064 0.481179 0.012923 0.011886
1 0.448609 0.406643 0.005468 0.021032
6 0.339048 0.289661 0.006866 0.007868
8 0.313272 0.058079 0.025774 0.045518
0 0.244803 0.018921 0.008264 0.012418
0 0.549991 0.004879 0.011940 0.009754
3 0.592115 0.089550 0.011883 0.016829
8 0.633649 0.090329 0.018915 0.030832
2 0.657410 0.023693 0.013739 0.012357
2 0.624516 0.127925 0.010102 0.023054
1 0.588473 0.187643 0.015230 0.016332
1 0.497453 0.328754 0.019535 0.014021
0 0.538198 0.487089 0.006971 0.011411
3 0.550434 0.568946 0.014008 0.024154
3 0.566757 0.554682 0.012379 0.014157
3 0.591624 0.617743 0.014836 0.023157
0 0.610755 0.521782 0.004639 0.007657
0 0.578599 0.576061 0.006911 0.005771
0 0.604722 0.686461 0.008333 0.021429
0 0.559150 0.731854 0.011349 0.013057
0 0.624221 0.668089 0.016603 0.012350
6 0.653027 0.722514 0.002607 0.009771
0 0.667134 0.693946 0.005121 0.014164
2 0.892355 0.035929 0.009205 0.015071
0 0.931605 0.715636 0.006645 0.009657
6 0.986897 0.335975 0.015978 0.015982
0 0.846130 0.165386 0.007685 0.012389
