3 0.049817 0.494664 0.016871 0.028032
5 0.236529 0.584014 0.012590 0.028404
0 0.363687 0.898357 0.004910 0.012864
0 0.381000 0.913736 0.007825 0.009318
5 0.484938 0.631839 0.015451 0.010575
5 0.430570 0.610121 0.003725 0.037268
6 0.465159 0.530904 0.004262 0.011618
3 0.281173 0.463000 0.014720 0.018179
0 0.352020 0.438864 0.005259 0.011796
3 0.449371 0.340921 0.003906 0.018904
3 0.346102 0.287536 0.014319 0.026807
2 0.491574 0.264279 0.023400 0.047132
8 0.692858 0.351289 0.014295 0.016543
2 0.752343 0.452432 0.031453 0.065393
2 0.776569 0.462021 0.016334 0.016646
0 0.687386 0.573711 0.005795 0.009429
3 0.726144 0.553768 0.013288 0.009543
0 0.673773 0.469182 0.004131 0.005561
7 0.691109 0.488250 0.002794 0.004232
7 0.725838 0.564668 0.003343 0.005257
6 0.719976 0.523150 0.008955 0.017189
0 0.755456 0.586618 0.005226 0.012379
0 0.836273 0.748357 0.009703 0.014582
6 0.994124 0.749993 0.011755 0.024804
0 0.834274 0.625386 0.011854 0.014414
0 0.775679 0.227364 0.004772 0.006782
