0 0.145610 0.212248 0.011592 0.015370
9 0.217420 0.275427 0.005614 0.013556
0 0.223714 0.298520 0.018787 0.032239
0 0.161989 0.259661 0.009013 0.008730
4 0.283302 0.283628 0.003971 0.019551
4 0.065778 0.427671 0.011535 0.019451
0 0.110021 0.452916 0.004018 0.006305
0 0.167363 0.509508 0.005624 0.007126
7 0.101785 0.390816 0.003377 0.003527
4 0.183986 0.361747 0.006365 0.009289
0 0.116809 0.700033 0.010386 0.015671
0 0.122222 0.737561 0.009309 0.011862
0 0.055034 0.686439 0.012862 0.009294
0 0.094386 0.711675 0.007005 0.011570
6 0.047106 0.714516 0.007682 0.010683
0 0.003367 0.685069 0.006730 0.006554
6 0.186533 0.876029 0.007399 0.015518
0 0.229631 0.880687 0.007388 0.011685
5 0.079814 0.971919 0.005367 0.011217
5 0.075324 0.985036 0.006651 0.008444
5 0.031456 0.991537 0.007174 0.011413
2 0.302050 0.946320 0.029070 0.031232
2 0.535306 0.916153 0.024326 0.043341
7 0.555907 0.859842 0.005181 0.008091
0 0.388694 0.833169 0.004089 0.008859
1 0.363760 0.784864 0.006762 0.008983
1 0.488719 0.724081 0.008737 0.006329
0 0.325202 0.731513 0.004358 0.004153
0 0.377921 0.762668 0.005116 0.004730
0 0.409141 0.862425 0.004751 0.005671
0 0.475789 0.746831 0.005868 0.008496
0 0.395979 0.672993 0.014143 0.008831
4 0.439488 0.416921 0.011259 0.009461
6 0.508859 0.442640 0.007964 0.015141
0 0.493696 0.358506 0.005964 0.006897
4 0.422762 0.319060 0.001617 0.015685
4 0.514118 0.287155 0.004114 0.023465
4 0.371814 0.297155 0.004218 0.021160
4 0.411474 0.243814 0.001621 0.017217
4 0.477943 0.345842 0.003606 0.014325
1 0.436769 0.070864 0.009517 0.008778
4 0.363635 0.038296 0.003005 0.007604
4 0.389932 0.012048 0.005388 0.005537
4 0.430372 0.019136 0.005800 0.004993
4 0.450887 0.040912 0.009460 0.016134
7 0.947792 0.351609 0.011413 0.009585
3 0.898311 0.396883 0.009735 0.010167
3 0.968708 0.454811 0.006229 0.009270
1 0.980869 0.376382 0.006343 0.010969
0 0.977814 0.511537 0.007216 0.009079
4 0.771481 0.492864 0.016744 0.014578
7 0.956229 0.657169 0.002594 0.003876
9 0.786100 0.779962 0.013195 0.014802
9 0.648841 0.730764 0.011281 0.015523
0 0.627692 0.646014 0.005066 0.008683
2 0.855614 0.970358 0.013245 0.059284
4 0.623886 0.968859 0.007016 0.013905
0 0.641721 0.938759 0.006125 0.010339
