3 0.356479 0.025928 0.007485 0.007208
1 0.312240 0.025289 0.009596 0.008482
0 0.111886 0.350473 0.008683 0.013270
0 0.308830 0.392835 0.014504 0.009508
2 0.425038 0.334783 0.007542 0.016764
1 0.337195 0.353069 0.010043 0.010802
2 0.350390 0.423862 0.009971 0.015484
0 0.009986 0.480893 0.007456 0.012998
4 0.140029 0.588797 0.005306 0.012850
6 0.550723 0.544396 0.009252 0.011284
0 0.688411 0.552453 0.006719 0.013107
1 0.659184 0.475050 0.010987 0.005637
1 0.703936 0.481432 0.005635 0.013928
0 0.709703 0.490444 0.012583 0.010907
8 0.696955 0.349007 0.027882 0.032535
0 0.664955 0.381757 0.005184 0.011255
3 0.715631 0.412124 0.009653 0.012434
5 0.711807 0.433217 0.008197 0.017189
0 0.867857 0.142158 0.006100 0.007422
2 0.891030 0.068745 0.025417 0.049470
7 0.557413 0.091847 0.002880 0.003871
2 0.506354 0.032177 0.006190 0.020563
1 0.947685 0.263241 0.008687 0.010850
