0 0.034490 0.361414 0.011802 0.021764
2 0.009981 0.528164 0.015632 0.023904
2 0.006080 0.606014 0.012158 0.021629
0 0.563193 0.553307 0.008445 0.014486
0 0.486944 0.429907 0.004601 0.004789
3 0.496887 0.343614 0.008262 0.018093
0 0.476835 0.399979 0.005845 0.008775
0 0.350104 0.184046 0.002837 0.009150
0 0.559093 0.295082 0.002588 0.006571
0 0.466664 0.168929 0.002177 0.006439
4 0.543519 0.102775 0.010351 0.014471
5 0.533120 0.475096 0.020252 0.018757
5 0.702896 0.636350 0.011227 0.026189
0 0.703825 0.640546 0.004831 0.010136
0 0.632882 0.982296 0.003568 0.006286
2 0.868706 0.971489 0.012426 0.019296
2 0.831657 0.955136 0.013920 0.021486
0 0.854041 0.920300 0.005458 0.009457
6 0.809708 0.918654 0.006664 0.009271
3 0.891087 0.866804 0.015928 0.025568
3 0.905302 0.847868 0.019269 0.029900
0 0.874710 0.728650 0.003307 0.008429
0 0.870852 0.699032 0.016387 0.019993
0 0.908231 0.697979 0.007633 0.008193
0 0.887006 0.570057 0.013032 0.017007
5 0.859938 0.491471 0.013048 0.015257
0 0.840012 0.504196 0.004224 0.003471
