4 0.173145 0.069427 0.005757 0.013408
0 0.201131 0.149217 0.004612 0.003976
1 0.094834 0.305389 0.008744 0.011594
2 0.010719 0.427704 0.013639 0.014611
0 0.178880 0.412888 0.007030 0.008148
0 0.257864 0.466134 0.006859 0.006463
2 0.269338 0.613981 0.017055 0.012153
3 0.054640 0.607737 0.010959 0.011714
3 0.059327 0.908138 0.008218 0.010282
6 0.396014 0.712764 0.006826 0.005761
8 0.710569 0.511881 0.012200 0.012936
4 0.774379 0.447475 0.009352 0.005680
2 0.541356 0.143699 0.006841 0.010463
0 0.701041 0.023690 0.007496 0.006692
1 0.748179 0.039642 0.004376 0.018181
0 0.730268 0.106200 0.008326 0.015227
4 0.648419 0.205962 0.011377 0.011341
6 0.586837 0.079733 0.008261 0.011847
5 0.983324 0.631570 0.011313 0.017785
0 0.753073 0.050539 0.013141 0.009685
