2 0.313915 0.761904 0.014065 0.022450
0 0.283725 0.775329 0.004580 0.005654
0 0.325283 0.761254 0.005928 0.007632
10 0.363573 0.869125 0.006859 0.006736
8 0.477472 0.533839 0.020496 0.033421
0 0.457362 0.472861 0.010316 0.011875
0 0.460821 0.387314 0.008611 0.013250
0 0.502118 0.442686 0.006657 0.007689
0 0.513832 0.413364 0.004777 0.007200
0 0.636764 0.064775 0.005057 0.003696
0 0.662939 0.110082 0.011795 0.019839
0 0.662854 0.301896 0.013010 0.021068
8 0.829798 0.611646 0.031508 0.064821
6 0.831261 0.496211 0.010510 0.022275
7 0.795976 0.408864 0.008084 0.022721
0 0.743329 0.307114 0.011536 0.007236
3 0.765385 0.235468 0.013651 0.020586
0 0.756261 0.216864 0.012089 0.014589
2 0.879162 0.200307 0.012030 0.019968
0 0.869689 0.190346 0.006992 0.005904
0 0.878205 0.142736 0.021242 0.031593
8 0.752315 0.078354 0.024501 0.027507
0 0.826218 0.019236 0.010164 0.023907
0 0.853421 0.039864 0.007550 0.008264
0 0.868623 0.081314 0.003191 0.004650
0 0.922312 0.468496 0.005995 0.009725
0 0.964304 0.563496 0.009601 0.016268
3 0.724774 0.654707 0.005643 0.010150
1 0.752317 0.603325 0.006102 0.015725
