0 0.171671 0.010874 0.004322 0.006921
0 0.018630 0.658014 0.006154 0.005589
0 0.124311 0.665112 0.002665 0.003718
0 0.153256 0.670716 0.011660 0.015193
0 0.233216 0.685594 0.007553 0.007442
6 0.412168 0.485351 0.009184 0.013422
0 0.419023 0.444525 0.002605 0.004062
0 0.434157 0.290248 0.002165 0.009117
0 0.373835 0.197337 0.003478 0.006931
7 0.319742 0.001389 0.001950 0.002778
0 0.354343 0.010831 0.002522 0.004444
4 0.501002 0.574406 0.002537 0.014692
0 0.617943 0.612878 0.003474 0.004425
0 0.803005 0.903609 0.006275 0.007537
