9 0.224504 0.030745 0.006819 0.010563
0 0.231123 0.032072 0.003410 0.004434
0 0.259961 0.027833 0.005206 0.008711
3 0.265106 0.155141 0.010966 0.013141
0 0.236991 0.196601 0.007091 0.006368
3 0.318712 0.125041 0.010436 0.008110
2 0.076036 0.434702 0.010018 0.012525
2 0.397571 0.535284 0.010708 0.017695
2 0.845882 0.766363 0.025381 0.045026
0 0.923846 0.636492 0.009657 0.011475
0 0.631699 0.547556 0.006798 0.009041
2 0.674977 0.489370 0.011081 0.016530
0 0.650723 0.480282 0.016147 0.018554
0 0.578615 0.410296 0.006329 0.007260
0 0.623506 0.262396 0.006072 0.007198
0 0.749553 0.218263 0.002794 0.003795
0 0.700136 0.065957 0.016204 0.016706
0 0.478669 0.155885 0.005463 0.009828
4 0.400469 0.052110 0.003989 0.016411
3 0.447789 0.206258 0.009649 0.015451
1 0.445492 0.177695 0.012036 0.009971
3 0.436100 0.310315 0.010279 0.017141
6 0.335928 0.024998 0.004258 0.008587
