4 0.055835 0.014492 0.014504 0.010525
2 0.121646 0.030683 0.004970 0.008076
0 0.155020 0.461475 0.007599 0.011332
1 0.167928 0.606086 0.009746 0.010611
0 0.215127 0.599413 0.005166 0.013909
0 0.363853 0.025881 0.009982 0.014549
0 0.494397 0.058253 0.005975 0.008544
0 0.357771 0.068616 0.003428 0.003914
0 0.689417 0.504492 0.008945 0.004606
9 0.637617 0.874601 0.008401 0.010640
0 0.624462 0.886945 0.007936 0.012067
0 0.657979 0.950940 0.009335 0.013766
0 0.728290 0.919733 0.004726 0.005842
1 0.789184 0.823489 0.009181 0.013566
0 0.935120 0.696430 0.007195 0.009136
3 0.826043 0.565227 0.005875 0.007012
6 0.923835 0.462816 0.008912 0.008100
0 0.934948 0.353055 0.010937 0.012086
3 0.834268 0.305652 0.004454 0.003442
0 0.890526 0.226706 0.003717 0.005189
5 0.946064 0.314439 0.003578 0.011866
3 0.890866 0.231671 0.006440 0.006043
7 0.901567 0.060014 0.001789 0.002215
0 0.915002 0.076726 0.033216 0.017236
4 0.839853 0.436449 0.009478 0.003279
4 0.717388 0.557828 0.008787 0.006840
7 0.690197 0.555131 0.002021 0.002549
0 0.818723 0.690831 0.006125 0.009551
0 0.899943 0.618286 0.004129 0.007919
0 0.570848 0.180186 0.005045 0.007656
0 0.511349 0.307131 0.010726 0.016315
0 0.497367 0.306205 0.004966 0.005690
0 0.494218 0.496964 0.010987 0.018248
7 0.550429 0.632616 0.011377 0.013270
0 0.475274 0.855990 0.002369 0.004010
0 0.541335 0.083141 0.006937 0.005322
4 0.894104 0.237785 0.004676 0.007160
