2 0.320810 0.072714 0.031652 0.063421
2 0.770180 0.114075 0.018559 0.018850
0 0.755005 0.076196 0.005563 0.007021
0 0.190729 0.014029 0.002972 0.005718
0 0.122764 0.173882 0.005776 0.007193
5 0.106301 0.535643 0.006859 0.011157
4 0.282802 0.593446 0.001479 0.022018
0 0.407927 0.437150 0.015199 0.035014
0 0.343027 0.078589 0.003405 0.019279
4 0.527759 0.377843 0.015864 0.005668
4 0.471242 0.488339 0.005256 0.012336
3 0.502521 0.659286 0.010102 0.013871
0 0.705342 0.602025 0.010914 0.018311
0 0.705358 0.618411 0.004442 0.008775
0 0.849810 0.229789 0.011766 0.013586
0 0.822999 0.135893 0.009672 0.011839
