3 0.024262 0.418343 0.014782 0.015668
2 0.063293 0.371168 0.010921 0.011514
0 0.034179 0.245064 0.010757 0.009943
0 0.050290 0.886364 0.003718 0.011200
0 0.163775 0.848157 0.003711 0.006782
0 0.218894 0.883743 0.003160 0.002257
4 0.169637 0.986304 0.004556 0.010271
6 0.268837 0.685646 0.010375 0.016789
2 0.458535 0.326650 0.006389 0.013507
0 0.537602 0.263457 0.006795 0.010125
0 0.526218 0.364564 0.005399 0.008232
1 0.567723 0.474289 0.008018 0.021829
0 0.511339 0.510050 0.005487 0.011025
3 0.667308 0.306836 0.011470 0.017929
