5 0.444869 0.474757 0.028312 0.052854
0 0.592650 0.599864 0.046441 0.062939
0 0.230916 0.191061 0.007951 0.011150
3 0.287638 0.264086 0.014176 0.013089
6 0.357588 0.307679 0.015648 0.015543
0 0.028082 0.550757 0.010981 0.009221
3 0.025726 0.653118 0.014836 0.020532
3 0.012633 0.624321 0.022593 0.025711
3 0.041455 0.671654 0.006524 0.009443
0 0.010382 0.742246 0.016377 0.016339
6 0.062564 0.715054 0.007597 0.008757
6 0.062821 0.974371 0.007082 0.013696
1 0.270907 0.864700 0.018675 0.015100
0 0.253526 0.650525 0.005859 0.010189
0 0.274934 0.548943 0.005475 0.007818
0 0.281448 0.395518 0.004447 0.007786
0 0.372384 0.538664 0.016942 0.016511
4 0.299285 0.628143 0.007547 0.001786
4 0.377590 0.729218 0.009528 0.026868
0 0.391349 0.703168 0.012016 0.021204
0 0.436308 0.709361 0.005249 0.007686
6 0.435753 0.686725 0.007220 0.007807
3 0.301857 0.795971 0.009264 0.011468
0 0.405895 0.996139 0.012650 0.007721
3 0.694359 0.321825 0.020425 0.033082
3 0.748039 0.310889 0.011216 0.021796
2 0.884748 0.716539 0.008625 0.018954
