2 0.076536 0.325996 0.068331 0.094707
3 0.376961 0.245182 0.016002 0.033729
0 0.360366 0.304636 0.005306 0.007850
0 0.428628 0.274432 0.005603 0.014586
0 0.439551 0.550768 0.021327 0.043154
0 0.386113 0.552911 0.008535 0.010589
0 0.551439 0.460411 0.009057 0.012343
8 0.576489 0.675068 0.022968 0.048893
0 0.535520 0.713321 0.003941 0.005639
0 0.489214 0.705096 0.005413 0.012482
0 0.628865 0.897461 0.003663 0.005946
0 0.602557 0.773371 0.007298 0.007743
0 0.769853 0.625236 0.007407 0.014796
0 0.693134 0.658354 0.010988 0.017171
0 0.495036 0.076721 0.011833 0.014654
