4 0.149361 0.340911 0.003331 0.011346
3 0.479891 0.857979 0.013613 0.024100
3 0.552536 0.928196 0.012374 0.016046
0 0.500271 0.497693 0.024452 0.034693
2 0.390627 0.490936 0.016700 0.021821
6 0.366892 0.466550 0.007410 0.007989
1 0.387189 0.287075 0.013260 0.023714
5 0.353500 0.364539 0.017426 0.010214
6 0.382457 0.143857 0.016840 0.008793
0 0.385254 0.080400 0.004231 0.007264
2 0.529525 0.170729 0.013134 0.024775
7 0.576650 0.235518 0.010043 0.010064
2 0.568051 0.116811 0.006603 0.012054
0 0.580992 0.307229 0.005658 0.015904
8 0.751873 0.218986 0.020997 0.013121
3 0.967255 0.432275 0.004613 0.006686
0 0.923098 0.660896 0.004250 0.007357
