7 0.006574 0.196596 0.008165 0.011111
3 0.038616 0.260671 0.017688 0.017025
0 0.051170 0.240443 0.032317 0.054843
9 0.155947 0.246414 0.008811 0.011486
0 0.077531 0.224196 0.013666 0.014014
0 0.057702 0.412682 0.015121 0.017814
5 0.174342 0.664311 0.016503 0.030350
6 0.127783 0.723586 0.009050 0.019011
4 0.143464 0.825739 0.018780 0.010875
4 0.216007 0.967586 0.007246 0.012757
4 0.460966 0.986200 0.005245 0.005982
8 0.462396 0.848157 0.050506 0.069246
3 0.265916 0.418450 0.013613 0.023364
3 0.464129 0.397586 0.016223 0.020811
1 0.337702 0.080582 0.020900 0.016154
3 0.268215 0.144175 0.011721 0.014161
0 0.468564 0.203296 0.005731 0.007857
0 0.569950 0.352011 0.004729 0.007204
0 0.614186 0.197396 0.002773 0.005721
3 0.504385 0.408729 0.014207 0.018364
4 0.596204 0.858889 0.018730 0.020450
6 0.715598 0.824132 0.007882 0.009261
5 0.797901 0.712029 0.016301 0.022604
0 0.921166 0.351993 0.003891 0.004639
2 0.893668 0.052286 0.011847 0.009021
6 0.884848 0.050314 0.008915 0.012893
0 0.950954 0.276739 0.009171 0.014071
0 0.560864 0.708154 0.007009 0.008211
