2 0.256904 0.103557 0.016178 0.013904
3 0.314758 0.246386 0.024862 0.034814
5 0.276486 0.546793 0.023048 0.027761
0 0.225275 0.750968 0.009922 0.021711
0 0.199316 0.772496 0.007804 0.024779
7 0.641178 0.860786 0.026054 0.027296
3 0.671572 0.800336 0.015916 0.024354
0 0.593609 0.707618 0.022851 0.017354
3 0.631838 0.722018 0.009910 0.013350
3 0.616802 0.266596 0.017792 0.021300
2 0.683089 0.094093 0.014252 0.028839
2 0.659107 0.111961 0.024846 0.031211
4 0.794236 0.072671 0.007989 0.004379
7 0.775924 0.745896 0.025059 0.016636
0 0.858450 0.799632 0.007870 0.013607
