2 0.015406 0.304032 0.030812 0.053439
4 0.034955 0.321739 0.003768 0.024857
5 0.254423 0.917582 0.008008 0.017721
4 0.299463 0.903996 0.006254 0.007393
5 0.178210 0.863343 0.004167 0.028254
4 0.236474 0.863479 0.002747 0.013304
3 0.324615 0.852279 0.014326 0.014946
7 0.342704 0.835986 0.001745 0.002411
0 0.334615 0.632407 0.009751 0.011564
8 0.301963 0.394693 0.014430 0.016250
3 0.324658 0.155536 0.009454 0.012068
0 0.336339 0.014489 0.008955 0.008436
0 0.442925 0.027014 0.002635 0.006254
0 0.513281 0.093029 0.006033 0.006071
3 0.429174 0.167171 0.010921 0.016600
3 0.471731 0.268139 0.012270 0.007593
4 0.481225 0.268139 0.017469 0.005596
0 0.420940 0.339543 0.004528 0.007118
0 0.501683 0.538493 0.008022 0.010775
4 0.449387 0.520396 0.009198 0.029600
4 0.454556 0.522582 0.005487 0.026643
3 0.540632 0.560661 0.013552 0.020400
8 0.522493 0.580025 0.018359 0.013843
0 0.534171 0.495614 0.004608 0.010339
4 0.414376 0.854829 0.005878 0.001382
6 0.448362 0.854125 0.003264 0.004800
0 0.575518 0.823707 0.003212 0.002461
0 0.626182 0.860743 0.008692 0.012318
0 0.659269 0.857339 0.006311 0.015700
6 0.610791 0.742204 0.009053 0.013350
3 0.650449 0.561679 0.016339 0.018525
3 0.719668 0.297796 0.013407 0.019496
3 0.596358 0.229582 0.004900 0.009900
3 0.636379 0.207504 0.011011 0.018343
3 0.625183 0.095318 0.018839 0.016539
3 0.621852 0.081446 0.012595 0.013857
3 0.689907 0.101807 0.018825 0.014346
0 0.711550 0.070207 0.022151 0.031800
0 0.701895 0.010846 0.008167 0.012275
0 0.751695 0.583436 0.005864 0.010289
0 0.738502 0.599943 0.006448 0.011204
1 0.739188 0.687636 0.008820 0.033336
