0 0.324124 0.654486 0.006707 0.008343
0 0.196895 0.598682 0.006349 0.014436
0 0.312930 0.042354 0.018357 0.014507
1 0.243200 0.891668 0.021593 0.011396
8 0.432657 0.747311 0.031906 0.050275
7 0.572521 0.258386 0.003205 0.003996
3 0.560465 0.468636 0.020012 0.026254
4 0.540116 0.455964 0.009573 0.017200
0 0.834480 0.952907 0.006885 0.004257
2 0.779212 0.696411 0.031479 0.044471
2 0.858846 0.093511 0.010577 0.010864
4 0.912773 0.139146 0.007711 0.006321
3 0.940104 0.119907 0.004611 0.006632
2 0.926588 0.919336 0.010586 0.019157
3 0.908025 0.994718 0.008184 0.010568
0 0.842773 0.066439 0.002609 0.004707
