3 0.112614 0.039779 0.020489 0.020064
3 0.149081 0.043154 0.019076 0.024507
0 0.131401 0.210343 0.011660 0.011229
3 0.285893 0.275993 0.016173 0.023521
2 0.106263 0.719779 0.015810 0.030279
2 0.074243 0.734779 0.027716 0.034321
4 0.229606 0.706757 0.009100 0.005829
3 0.024608 0.919971 0.020741 0.027361
3 0.530199 0.866618 0.019663 0.031886
7 0.494034 0.805250 0.016462 0.019850
0 0.573485 0.649896 0.004613 0.010736
5 0.455660 0.354461 0.012324 0.026325
3 0.498746 0.258232 0.015057 0.016025
3 0.565230 0.240829 0.004945 0.011407
3 0.559046 0.104475 0.012104 0.024046
3 0.659387 0.154557 0.003654 0.017200
4 0.635990 0.155007 0.007669 0.006843
2 0.701303 0.093332 0.022764 0.042496
6 0.675833 0.328068 0.005522 0.009918
5 0.694919 0.411289 0.014810 0.011704
5 0.642139 0.383725 0.003390 0.030600
0 0.588960 0.664939 0.006142 0.008089
8 0.736567 0.803218 0.013063 0.025932
7 0.885178 0.680132 0.003272 0.003871
8 0.768020 0.983925 0.031040 0.032154
0 0.674663 0.958354 0.019226 0.025425
3 0.935874 0.353443 0.013203 0.009457
6 0.897301 0.368786 0.006123 0.008964
2 0.960541 0.259468 0.032049 0.064243
0 0.929623 0.322511 0.010328 0.020004
8 0.901781 0.160089 0.014869 0.015186
