9 0.155606 0.641432 0.007971 0.011547
0 0.162866 0.641652 0.003399 0.004912
3 0.201284 0.766959 0.010762 0.013542
0 0.174766 0.804153 0.008107 0.006878
3 0.251803 0.738076 0.010501 0.010258
4 0.325953 0.665413 0.003413 0.016912
1 0.376705 0.789594 0.009982 0.010530
0 0.403320 0.775881 0.003821 0.006110
3 0.376175 0.819790 0.005739 0.013069
3 0.374683 0.915704 0.010712 0.018687
0 0.673388 0.824215 0.004064 0.004964
0 0.622673 0.681246 0.016655 0.017088
1 0.848608 0.556372 0.007664 0.018482
0 0.832597 0.605208 0.005871 0.004186
6 0.937410 0.485251 0.009728 0.010726
