0 0.136776 0.126845 0.005435 0.006181
3 0.062004 0.322453 0.008358 0.017609
3 0.266501 0.214687 0.012458 0.015862
6 0.252125 0.426081 0.005510 0.007990
3 0.221878 0.445122 0.007352 0.010382
7 0.052154 0.538086 0.009567 0.009542
0 0.412733 0.530897 0.005589 0.010959
0 0.107932 0.593356 0.011485 0.014635
0 0.475846 0.866477 0.006626 0.007990
8 0.312562 0.956864 0.011753 0.014434
0 0.429342 0.910549 0.002694 0.004158
0 0.533528 0.729241 0.008029 0.007442
0 0.619732 0.619885 0.006673 0.004730
4 0.629474 0.349623 0.002691 0.014902
10 0.436111 0.237924 0.006011 0.014453
0 0.361538 0.302081 0.006369 0.011905
2 0.910361 0.011709 0.027603 0.023418
7 0.885188 0.077728 0.006919 0.006358
0 0.913703 0.025804 0.003707 0.004616
0 0.864898 0.107093 0.004204 0.003570
2 0.636955 0.224239 0.009810 0.016014
1 0.975785 0.207351 0.010365 0.009900
0 0.990912 0.179542 0.004057 0.005337
0 0.988075 0.175055 0.002934 0.004811
4 0.939005 0.300726 0.011492 0.011332
8 0.931048 0.394874 0.023771 0.038315
6 0.932454 0.422716 0.005567 0.011260
1 0.992032 0.510239 0.007617 0.013241
0 0.996032 0.517456 0.007939 0.007723
1 0.753034 0.530635 0.003835 0.014220
7 0.850533 0.835103 0.002082 0.002668
