0 0.345764 0.085537 0.006937 0.010253
6 0.070662 0.691499 0.007524 0.007666
0 0.308705 0.508358 0.009435 0.019661
0 0.366612 0.761265 0.023295 0.024053
9 0.410869 0.792029 0.005635 0.012344
8 0.404458 0.809585 0.022977 0.013714
3 0.469410 0.866033 0.006104 0.013709
9 0.602844 0.673866 0.015642 0.020916
4 0.453689 0.788382 0.003624 0.013236
4 0.411513 0.773174 0.004000 0.008549
0 0.650018 0.638029 0.032283 0.023217
4 0.496372 0.572224 0.003689 0.011990
4 0.432143 0.516134 0.007281 0.004253
4 0.441016 0.412520 0.009252 0.005938
5 0.916712 0.290878 0.007839 0.012482
0 0.768869 0.464897 0.009986 0.009351
0 0.930114 0.646854 0.008784 0.004788
0 0.713517 0.712811 0.006784 0.009422
4 0.776941 0.719193 0.009911 0.005427
