8 0.171330 0.084029 0.043637 0.070864
3 0.234357 0.429557 0.016683 0.027614
0 0.188875 0.581789 0.005736 0.011118
7 0.072339 0.537532 0.003167 0.005036
8 0.287431 0.658793 0.021752 0.023639
3 0.222217 0.617804 0.011102 0.016157
0 0.315321 0.784575 0.005897 0.008604
4 0.403820 0.986482 0.017908 0.004132
6 0.406201 0.593443 0.005893 0.008643
6 0.410551 0.589407 0.008013 0.015057
0 0.466244 0.662182 0.007301 0.008639
4 0.371496 0.534436 0.007792 0.027193
2 0.520575 0.137543 0.020358 0.031532
11 0.551168 0.156393 0.010235 0.025600
6 0.359226 0.196532 0.005066 0.009504
3 0.473621 0.063925 0.004314 0.007968
6 0.468839 0.066039 0.007301 0.014154
3 0.538597 0.006614 0.008331 0.013229
7 0.670783 0.002643 0.002723 0.004639
