1 0.133575 0.006546 0.015969 0.013093
0 0.105902 0.003450 0.008018 0.006896
10 0.123419 0.130911 0.015475 0.022746
2 0.210128 0.289207 0.013504 0.012636
7 0.201410 0.326300 0.002500 0.004268
4 0.115237 0.245539 0.009993 0.007646
1 0.262659 0.352364 0.014720 0.015264
1 0.322932 0.207343 0.016581 0.022500
3 0.423879 0.076561 0.010451 0.012918
8 0.378236 0.100368 0.018070 0.033246
3 0.361175 0.115564 0.009330 0.008439
3 0.519357 0.032854 0.007557 0.012239
0 0.560095 0.700325 0.010570 0.022561
3 0.785100 0.844689 0.012880 0.018204
7 0.714936 0.659975 0.003818 0.006561
8 0.797051 0.526150 0.021947 0.049557
0 0.831997 0.531393 0.019644 0.019950
2 0.973013 0.795471 0.011232 0.022418
